10 10
1986 2453 1923 2369 1228 2091 2410 2577 2246 1692 
2437 2561 2294 1793 1802 1880 2325 2516 2224 1686 
3203 2972 1665 2243 2055 2379 2319 2172 1471 1761 
2958 2845 2674 2645 2240 2955 1752 2190 2357 2213 
2848 3088 2023 3659 2498 2416 2258 2198 2012 2328 
2653 3198 2220 2612 2607 1990 2049 1701 2516 2764 
2946 2412 2458 2205 2726 1939 2293 2234 3211 3069 
3038 3057 2077 1927 1840 1933 1417 1722 2078 3008 
2955 2284 2365 2124 2295 1442 1286 1278 2070 2806 
2616 2584 2963 1982 2188 1157 1202 1218 1741 2165 
