100 100
58 94 49 64 8 98 47 23 20 13 44 71 70 51 81 79 68 3 5 75 26 47 86 25 95 18 37 50 6 79 1 48 68 96 12 34 13 33 4 9 15 7 13 46 59 38 80 19 87 27 85 62 44 2 83 50 49 61 55 32 29 97 36 45 46 75 29 23 15 27 45 17 91 88 61 65 41 17 3 38 96 74 53 43 77 56 0 62 48 15 76 89 47 14 60 87 83 99 25 87 
52 92 73 71 24 74 94 73 56 68 43 67 82 52 30 8 68 98 79 91 50 74 62 20 88 33 7 53 19 67 85 43 66 5 60 95 81 94 90 84 8 52 14 11 54 84 52 39 69 22 68 6 83 52 69 13 60 62 69 24 91 13 50 66 51 53 55 88 14 4 59 64 65 0 98 62 27 24 11 6 32 75 85 98 2 71 79 88 67 82 12 99 63 12 15 23 77 72 56 67 
68 52 23 15 71 4 23 67 46 86 79 3 37 46 68 45 0 85 82 49 5 84 82 16 78 75 34 32 42 35 90 67 75 65 46 83 74 81 3 31 82 92 87 21 0 78 33 0 45 51 71 76 82 65 14 48 44 67 33 89 92 10 98 82 14 69 54 11 94 22 92 30 84 84 96 60 41 64 50 30 35 53 18 70 98 84 49 50 14 9 74 92 85 23 89 89 26 95 25 7 
67 48 1 19 4 91 2 89 20 27 21 17 61 47 19 82 54 25 9 20 88 31 37 18 11 25 0 35 90 18 88 68 82 2 46 43 4 69 93 82 82 63 85 42 1 37 73 56 20 81 12 23 85 82 96 4 13 73 55 50 78 20 95 68 41 61 32 50 71 98 56 61 61 81 86 60 63 59 26 48 49 84 53 83 38 98 1 77 98 25 48 3 56 51 86 97 13 60 90 83 
35 98 60 9 18 56 37 93 16 37 48 62 78 0 81 71 62 99 89 40 32 69 85 21 45 52 48 66 7 55 48 59 12 57 57 2 25 77 21 66 28 67 84 14 25 47 35 32 54 64 12 15 38 35 73 69 28 27 98 19 93 51 38 58 43 63 47 92 66 15 98 66 66 52 25 5 39 5 67 81 5 79 66 70 96 69 28 15 79 84 12 96 97 51 9 35 56 63 22 71 
62 66 60 74 70 42 61 82 93 45 57 15 44 67 34 23 5 27 95 38 18 79 94 21 21 28 8 31 82 87 17 88 47 83 24 2 6 87 58 1 65 19 26 90 99 83 22 88 27 76 16 28 62 60 80 83 74 81 27 18 34 61 45 93 70 29 37 81 3 28 97 38 29 60 5 33 40 0 28 63 57 25 26 38 82 75 69 76 5 38 71 59 3 19 30 80 52 73 55 57 
51 2 69 85 23 91 70 65 42 59 20 38 67 12 82 67 11 91 18 74 33 72 31 11 50 47 32 60 63 38 47 39 26 43 56 2 77 88 50 82 59 90 88 92 81 64 86 1 25 14 43 20 9 42 31 30 34 66 74 93 65 8 72 66 11 96 20 22 38 24 31 44 99 90 22 57 23 66 81 76 47 11 36 62 15 1 35 19 16 0 41 31 8 96 66 0 19 9 98 23 
73 94 24 86 99 79 83 18 49 8 83 58 89 53 92 36 93 92 36 83 67 45 13 91 54 97 29 69 41 34 30 91 88 31 10 28 27 77 47 73 43 38 69 93 24 57 8 50 45 47 33 29 92 61 90 59 13 68 94 23 54 50 12 89 77 50 18 64 70 28 26 52 1 39 53 77 28 83 80 81 90 79 94 18 58 56 60 17 79 92 8 68 10 7 71 41 82 36 49 96 
89 64 36 29 39 15 57 88 20 51 76 88 27 23 84 66 46 26 22 16 99 61 3 0 64 95 64 11 74 64 83 41 31 32 32 38 25 54 9 88 13 89 12 79 14 84 6 89 92 50 37 20 44 0 64 57 68 28 15 84 17 46 62 34 53 22 31 98 36 46 72 53 2 69 95 26 90 13 92 58 70 14 37 85 56 65 1 45 75 92 52 14 31 87 80 80 78 36 61 86 
54 24 17 53 40 83 86 13 15 50 46 94 7 28 22 15 38 10 4 60 56 69 99 71 95 42 44 15 3 20 9 48 68 78 71 66 82 79 53 68 69 60 13 16 73 81 91 75 33 9 61 83 56 41 71 30 15 36 78 74 63 84 65 58 78 67 63 4 61 0 24 71 60 11 44 89 33 90 94 79 55 78 58 50 39 37 1 35 2 8 3 98 91 37 43 62 52 68 35 57 
52 44 2 7 24 45 3 21 58 13 45 85 31 40 97 17 76 29 1 66 36 50 82 10 66 59 40 94 27 32 6 50 60 13 53 43 60 76 15 56 92 99 53 4 17 75 34 39 28 25 82 24 93 11 63 48 29 38 64 37 21 0 8 38 84 37 47 51 2 96 7 73 44 12 85 84 17 40 83 49 74 0 6 35 89 6 82 22 27 98 6 75 92 98 70 35 17 86 57 43 
97 4 79 85 18 60 31 49 74 14 66 43 63 28 79 57 52 3 64 56 21 79 83 33 2 49 15 2 75 13 98 23 18 80 83 19 29 58 5 8 30 85 98 20 94 52 82 45 62 47 28 88 91 73 83 61 80 34 19 15 53 30 84 84 47 1 20 24 18 16 44 27 36 58 35 33 43 59 27 11 55 18 94 23 76 51 46 41 35 44 27 29 67 57 97 76 1 6 61 12 
24 41 99 68 84 41 62 93 28 35 34 91 59 67 99 8 28 15 44 32 29 72 81 97 66 70 70 77 88 63 66 42 76 96 28 38 6 68 62 78 83 86 34 37 95 6 10 65 12 11 20 66 36 52 4 54 34 21 34 70 48 81 39 19 45 30 17 9 42 90 19 85 36 77 52 81 89 20 43 79 48 32 72 55 26 87 93 37 66 86 75 83 69 16 37 87 96 76 11 61 
45 52 30 25 32 88 12 16 26 8 38 18 51 99 66 3 25 58 29 2 70 4 3 92 99 34 87 65 73 84 82 59 41 56 41 24 98 3 66 57 6 26 84 85 34 54 78 54 96 52 45 65 20 49 83 25 27 17 93 34 67 15 86 85 19 81 62 19 43 54 41 12 21 7 40 69 44 46 70 9 14 90 37 29 49 19 91 79 7 9 88 42 22 97 26 53 3 56 93 37 
63 89 90 85 20 62 78 61 50 71 92 91 97 95 59 47 68 83 59 84 20 29 11 24 35 42 44 66 37 56 80 99 73 64 21 92 25 24 67 90 87 17 77 56 76 3 65 34 30 82 58 54 95 57 38 53 74 34 26 56 73 6 97 5 41 55 6 57 25 28 2 56 40 60 53 68 35 15 58 27 94 86 73 68 42 94 54 21 50 60 28 27 40 5 35 47 72 25 57 17 
45 14 59 91 32 43 48 63 93 42 58 26 5 16 8 22 50 99 9 35 67 50 16 23 60 33 83 16 62 40 37 59 75 35 30 14 8 40 21 81 36 33 66 86 18 60 39 89 24 85 73 40 58 63 40 52 94 79 59 64 14 66 39 75 33 22 32 22 67 37 73 39 55 59 0 4 35 61 38 39 2 55 18 72 59 2 53 35 95 14 33 37 41 28 43 89 37 76 48 18 
50 88 48 3 82 20 47 96 36 5 8 14 10 49 6 26 69 52 23 3 17 19 65 85 58 99 1 1 49 0 90 63 60 51 54 83 37 77 88 10 46 63 82 20 46 72 67 59 45 2 46 36 5 69 97 9 21 41 84 55 47 47 6 45 54 55 67 54 60 73 85 1 44 38 32 59 0 35 52 3 34 50 41 86 92 25 63 40 52 95 82 36 13 44 93 95 8 76 30 4 
63 53 37 25 11 92 90 46 47 83 90 73 89 29 6 97 48 17 14 35 12 45 85 74 86 99 58 86 57 62 72 10 18 28 12 4 3 95 87 18 42 23 91 78 25 79 87 5 15 0 59 34 24 14 98 23 93 93 90 14 6 61 5 94 65 66 83 48 31 13 49 45 83 59 21 73 63 84 41 87 96 95 4 48 10 12 68 30 4 69 87 74 18 93 53 54 96 48 36 17 
24 76 58 76 5 12 88 20 98 40 83 46 46 0 75 38 54 14 41 43 42 83 19 27 77 90 35 73 23 86 17 25 9 85 26 16 23 41 2 92 19 14 82 41 7 43 64 72 97 7 51 66 82 72 21 33 60 11 45 7 10 70 10 30 78 40 83 28 95 27 41 88 50 88 15 98 21 95 77 49 2 1 19 76 54 72 62 43 11 38 81 40 49 10 54 40 81 1 75 88 
12 73 44 66 42 40 72 69 90 92 36 74 50 22 1 7 33 1 89 70 57 37 68 0 48 18 36 29 99 4 23 0 46 91 52 27 39 72 17 28 25 95 80 47 93 7 76 69 79 66 62 98 23 62 33 43 0 93 43 78 11 68 51 24 49 50 43 42 42 66 88 56 81 27 85 47 74 37 5 21 72 44 49 66 52 23 34 38 31 71 56 38 62 75 27 53 69 50 51 81 
39 39 23 18 88 40 84 83 21 26 69 75 44 21 67 11 65 81 17 4 78 57 21 47 91 55 47 6 9 29 27 89 45 23 63 29 5 55 24 82 55 87 61 79 3 52 30 81 78 20 43 92 37 2 29 26 68 22 18 78 67 69 48 13 16 46 20 61 84 47 21 14 16 12 48 46 57 54 61 43 57 0 11 52 37 62 92 47 21 22 69 3 6 58 53 35 1 4 54 90 
13 37 28 33 47 32 57 86 70 94 85 18 41 77 59 40 44 22 95 57 91 80 48 16 58 87 34 36 72 97 36 32 96 80 63 11 17 37 23 85 46 57 40 70 80 59 29 98 48 78 45 81 17 29 10 38 71 8 59 39 4 37 15 16 21 77 88 1 89 14 91 70 9 50 97 14 66 74 46 79 63 92 86 31 48 51 49 95 66 82 93 13 90 20 67 56 36 15 31 75 
20 18 61 29 35 85 16 75 24 33 46 76 19 70 75 50 36 35 55 37 53 24 51 70 73 45 96 6 33 86 94 97 17 99 36 26 76 19 18 69 18 2 13 96 14 44 58 11 12 76 65 62 61 6 93 13 94 78 29 1 96 39 39 18 21 55 21 65 20 99 10 43 11 7 18 91 10 73 70 33 44 48 11 8 18 37 76 39 48 37 48 53 33 1 70 27 7 51 73 90 
75 66 52 22 63 18 22 5 93 69 80 29 62 70 32 46 36 73 18 84 44 35 75 22 88 92 29 47 88 19 46 46 5 79 92 25 76 53 33 94 13 85 5 59 75 38 53 28 71 36 33 15 46 53 91 32 53 9 18 39 8 59 40 16 63 39 3 41 55 61 11 87 56 12 34 3 65 15 26 67 20 68 81 38 93 37 11 80 16 40 32 27 33 75 53 80 63 36 0 62 
94 78 0 2 88 59 55 60 68 14 79 37 89 5 28 26 77 20 45 84 41 56 39 99 22 27 31 2 54 89 99 36 89 64 31 65 24 33 42 2 59 68 80 76 19 14 36 42 71 42 95 14 0 89 40 46 57 47 59 14 41 59 97 22 7 19 29 47 27 94 13 71 3 63 68 55 15 23 0 96 35 82 70 29 86 83 58 33 98 35 73 56 42 24 16 21 57 7 82 8 
87 79 31 1 7 80 45 42 75 1 65 80 68 26 22 33 65 31 81 39 98 58 48 9 50 0 58 0 14 27 46 64 67 31 28 61 68 95 21 49 56 27 54 79 34 73 34 87 70 21 5 93 41 46 10 12 86 42 59 96 23 53 36 32 35 15 33 66 46 32 88 4 63 78 11 33 90 14 0 5 38 92 67 83 98 77 17 41 96 34 77 77 76 39 45 34 15 78 4 49 
11 71 44 24 66 85 64 66 24 75 62 97 75 96 74 88 38 0 86 36 54 65 74 99 8 71 97 24 31 84 36 74 34 28 35 47 27 64 94 45 15 82 65 33 22 45 50 53 80 27 69 5 42 34 10 49 83 71 76 33 98 30 6 68 41 66 58 71 16 28 31 51 96 68 84 27 4 44 84 50 85 91 17 92 90 97 63 39 82 52 42 89 26 3 0 40 8 51 81 71 
63 8 66 88 78 18 73 26 67 89 91 90 40 66 31 38 12 3 51 11 29 78 78 40 66 72 81 2 92 17 64 31 91 57 60 3 82 58 22 23 61 59 99 2 38 29 55 25 26 40 1 47 35 57 65 26 10 40 85 9 65 86 62 43 71 74 3 1 99 17 48 80 8 82 44 18 94 63 85 47 83 14 21 8 16 21 91 35 2 19 53 74 66 64 69 59 45 51 98 9 
86 54 43 23 50 67 67 53 17 6 69 35 74 11 36 25 89 6 88 56 87 6 95 97 92 4 95 48 72 85 45 85 94 47 46 38 65 41 47 4 98 53 2 17 13 83 9 95 86 96 59 76 15 44 53 65 62 78 84 21 75 35 72 31 96 79 83 99 79 96 32 35 82 31 90 49 71 93 36 58 42 47 78 35 59 90 27 15 16 50 22 53 68 74 44 11 32 26 76 49 
15 65 79 97 29 98 87 56 4 21 26 65 14 82 19 97 19 99 48 67 40 24 23 34 98 81 16 10 57 11 70 96 84 87 78 71 66 8 17 60 35 28 49 69 9 75 82 90 83 32 39 84 23 12 21 0 97 4 37 40 11 15 89 89 60 99 79 1 57 2 6 67 62 33 31 30 8 92 33 90 95 63 99 87 39 58 73 41 45 92 34 9 91 67 32 34 10 92 70 94 
67 57 0 84 40 93 96 75 34 30 82 18 20 83 81 88 24 77 30 74 25 49 30 68 97 73 28 53 25 26 85 59 72 11 52 91 77 7 70 77 80 49 99 25 8 37 3 62 6 27 23 12 15 69 36 85 12 34 33 33 51 42 86 84 11 17 50 16 53 63 39 84 17 82 94 95 68 52 84 10 95 26 39 38 6 86 33 46 80 10 47 57 47 24 17 80 80 46 90 44 
64 70 6 75 74 59 55 88 85 17 84 56 82 32 51 52 54 44 95 61 62 65 10 44 77 82 68 64 20 36 3 21 26 63 52 23 42 60 40 96 93 94 12 55 77 75 71 74 15 2 17 75 78 87 17 99 5 66 85 11 91 78 98 73 11 15 96 55 54 7 71 87 5 74 15 84 20 4 90 40 21 52 4 23 43 36 42 39 75 64 79 15 0 8 71 3 3 13 70 5 
34 11 41 78 30 74 77 74 36 79 14 30 76 59 38 90 22 83 87 81 79 63 70 41 56 37 98 86 58 33 90 91 65 16 74 23 10 37 75 91 45 40 81 37 45 34 97 64 94 26 96 76 57 7 43 92 82 26 7 25 4 96 28 89 3 49 2 88 43 44 80 52 38 7 24 56 70 73 56 32 36 63 59 47 5 81 93 34 11 60 65 29 57 57 89 48 37 15 16 8 
67 54 96 52 35 64 11 71 72 61 88 56 44 40 90 4 95 12 20 68 83 57 45 11 50 85 96 20 91 99 77 7 96 63 79 9 85 74 77 58 91 66 40 5 44 91 74 95 67 61 65 22 60 34 23 76 81 19 22 57 32 15 77 65 48 60 49 20 72 31 52 57 91 90 72 22 51 17 99 10 29 95 6 23 77 59 43 35 55 27 78 66 33 60 48 87 93 16 15 60 
19 85 10 20 29 7 12 69 83 54 21 71 17 22 89 56 84 56 52 52 12 26 7 24 17 10 50 27 78 96 69 11 31 58 67 60 15 61 81 86 44 78 95 52 35 83 10 60 77 37 36 99 1 7 80 18 21 33 90 71 26 58 69 98 79 40 25 75 98 95 73 87 23 53 78 7 44 41 39 28 41 6 93 88 64 39 34 74 32 29 73 54 79 9 61 64 64 12 27 3 
63 97 15 10 88 7 38 19 18 73 10 24 92 82 11 35 46 53 39 21 3 2 35 4 36 91 84 79 21 11 76 11 48 76 80 23 10 12 11 4 22 82 78 95 17 87 72 17 64 69 34 50 45 4 48 13 1 4 98 12 75 63 33 83 30 59 22 24 85 79 85 50 44 92 8 98 12 8 42 81 12 12 4 47 19 94 75 34 30 96 20 74 65 16 46 64 14 47 32 31 
70 82 91 90 53 12 18 73 91 72 51 6 32 94 79 77 92 2 37 13 86 56 60 66 60 40 22 16 58 75 98 92 85 63 46 70 59 41 18 80 55 8 77 95 38 1 1 91 73 30 30 36 27 92 93 76 40 22 42 41 0 3 41 24 17 36 14 16 39 52 60 90 6 8 16 29 96 63 93 82 62 67 54 18 24 99 96 3 20 26 59 33 98 24 4 67 47 75 35 75 
50 84 42 19 36 69 94 53 32 96 84 22 38 5 89 99 1 81 51 88 40 51 18 94 14 5 31 77 26 93 88 51 6 53 74 1 72 49 5 75 52 95 25 34 49 37 46 99 2 51 1 31 65 71 6 39 23 87 82 21 75 2 46 92 85 0 79 14 15 4 86 44 46 4 72 55 60 81 98 66 43 80 54 3 11 44 86 77 68 21 86 32 81 26 33 3 37 44 82 22 
56 84 17 39 92 72 21 41 27 42 1 81 72 84 39 53 61 15 9 90 79 11 46 38 17 37 17 6 8 10 25 71 56 96 30 40 61 42 85 88 41 75 79 6 81 4 54 57 19 53 0 79 43 54 74 22 70 35 98 83 84 73 42 23 3 96 64 11 49 86 83 67 66 2 63 63 74 79 53 2 66 96 31 73 47 73 79 61 17 76 95 77 91 53 21 26 55 47 84 68 
31 17 91 78 68 30 94 75 75 10 12 89 74 25 21 67 9 9 24 58 94 15 77 56 72 71 68 18 59 55 70 44 37 79 21 51 40 66 13 42 45 12 22 38 30 20 8 13 84 33 49 10 84 74 24 96 10 90 13 41 13 46 98 53 46 90 82 16 52 40 81 4 54 61 99 28 15 76 62 39 16 2 18 21 3 51 4 25 87 35 83 3 17 57 27 61 38 9 21 93 
16 18 93 62 3 90 79 0 72 51 72 81 9 62 72 15 76 71 77 36 78 97 82 30 36 8 31 71 1 85 38 32 12 29 51 98 88 3 42 70 6 92 9 88 94 96 46 67 79 23 50 63 51 57 19 15 18 60 84 51 63 4 34 15 26 90 84 50 34 10 93 77 8 26 23 18 65 25 12 46 95 25 72 72 33 94 29 41 50 46 87 57 83 62 80 30 21 15 96 93 
55 85 99 82 11 75 24 49 65 95 83 7 80 62 31 18 38 28 96 90 61 17 19 5 95 73 20 55 51 53 51 11 0 20 28 45 87 53 73 12 86 90 73 75 92 58 34 65 57 76 21 71 62 4 54 88 70 68 7 35 4 56 17 32 22 22 73 69 99 85 78 11 20 97 96 86 20 93 39 74 26 5 86 4 81 55 10 81 4 72 51 5 53 3 29 68 7 99 45 7 
7 39 55 67 75 72 56 31 42 14 80 99 37 3 65 96 48 41 20 67 82 27 70 43 41 36 96 44 8 96 24 46 96 95 63 58 99 56 19 31 78 15 78 18 82 83 34 48 0 84 32 20 46 37 44 98 37 74 14 43 38 4 23 3 78 41 31 90 5 28 91 38 67 83 9 97 53 13 23 79 56 42 81 80 57 12 55 38 17 52 51 96 35 84 49 82 76 13 19 49 
3 20 24 8 46 53 8 46 50 31 30 3 62 89 93 81 51 35 25 46 64 96 14 25 29 14 98 75 50 55 79 85 62 21 20 48 91 82 64 80 69 35 59 69 50 35 90 60 92 71 53 83 47 8 44 49 51 89 22 45 81 67 74 85 46 27 21 94 76 31 66 95 42 49 68 88 61 85 65 86 16 14 0 12 25 37 9 69 48 55 5 9 61 84 82 29 83 44 46 48 
36 10 91 8 97 76 27 38 94 15 33 58 80 64 84 99 66 79 1 35 66 88 96 66 81 92 81 22 86 47 59 12 97 44 82 17 22 72 39 4 14 13 48 76 50 87 87 85 48 42 91 89 43 72 47 65 90 17 80 70 73 9 41 70 3 45 78 68 66 10 48 49 33 43 4 88 79 70 96 33 24 42 49 85 9 96 72 70 83 53 86 43 57 64 43 76 83 1 22 0 
67 57 7 58 2 25 14 90 43 2 8 13 81 35 97 33 35 76 57 53 25 66 45 96 99 87 29 76 93 24 91 33 94 94 27 71 29 94 10 26 71 97 46 18 40 5 56 32 29 82 29 9 51 45 99 13 33 95 67 50 52 25 37 51 3 12 88 40 15 16 56 33 1 47 10 95 24 48 57 11 90 93 40 34 42 14 97 98 4 79 10 40 60 78 43 26 51 27 38 28 
88 81 15 26 11 63 44 62 90 63 46 16 68 10 59 18 97 45 31 75 17 44 5 72 58 74 70 63 28 96 98 15 83 19 8 88 23 1 61 64 53 92 17 24 58 35 16 15 5 86 60 12 22 37 68 2 66 20 95 12 55 86 91 75 64 28 79 97 15 30 4 28 23 5 19 12 12 32 26 74 85 92 90 26 89 94 20 83 11 13 87 3 1 94 5 30 37 73 56 13 
17 65 69 88 12 3 16 35 2 76 86 38 62 17 59 72 8 0 36 95 98 66 49 31 44 27 69 89 3 14 18 42 19 62 49 5 25 95 87 57 20 51 78 72 28 56 92 34 81 38 72 26 98 61 16 12 34 29 2 71 57 91 51 65 59 82 90 74 66 3 70 74 54 89 41 44 70 0 80 64 34 93 0 3 52 99 39 58 65 77 80 5 32 84 69 3 59 41 99 64 
70 4 67 54 44 43 31 73 80 51 89 94 29 0 9 7 23 36 35 22 27 58 35 55 75 45 77 83 70 49 65 7 13 66 87 66 46 9 65 28 68 31 69 48 41 91 14 66 76 4 36 30 10 69 24 88 76 54 82 41 43 36 62 50 44 61 38 77 4 90 53 41 11 17 97 23 38 83 51 63 6 27 45 72 20 17 54 13 83 71 6 85 12 10 24 70 79 96 67 26 
22 94 17 39 79 73 53 58 67 87 73 75 82 16 16 15 27 15 5 50 21 99 55 43 60 2 70 63 37 69 19 43 24 82 29 63 56 27 44 84 54 24 55 93 52 17 91 63 5 41 10 94 73 20 30 72 91 88 81 64 35 70 90 63 42 1 52 65 13 35 56 79 14 37 89 42 59 80 87 60 1 2 95 86 52 44 47 82 32 21 15 70 76 77 0 3 76 67 58 28 
39 25 43 15 7 55 19 14 19 31 99 30 6 35 78 90 62 40 41 3 61 12 63 89 25 4 5 41 83 33 31 93 29 13 14 30 8 0 10 29 57 24 41 54 66 47 99 25 50 68 45 2 41 82 9 76 53 65 88 83 45 42 51 12 80 14 48 13 51 95 25 62 13 80 31 38 16 63 97 4 4 56 47 79 24 18 94 8 65 62 30 11 55 91 19 72 75 34 3 25 
95 9 12 22 38 35 58 36 20 21 51 82 45 68 55 90 6 44 81 49 84 48 67 43 98 67 62 78 95 31 1 53 88 80 76 64 84 85 82 83 97 96 0 1 5 72 65 79 99 1 34 98 31 35 19 98 32 39 77 9 19 78 27 9 10 40 40 61 21 66 67 91 73 33 17 47 47 96 80 99 35 32 29 20 54 39 18 4 26 26 46 95 40 40 29 93 37 32 48 25 
94 42 24 88 99 35 32 56 44 32 22 81 86 42 95 75 99 44 91 14 97 28 63 2 70 99 87 13 13 44 68 79 14 93 34 79 71 63 0 97 19 39 97 96 40 42 83 78 53 13 3 78 91 30 67 54 24 44 48 61 70 13 17 21 38 83 29 54 81 72 61 74 17 87 17 74 81 88 57 38 98 92 14 62 38 51 23 0 30 15 73 62 28 6 38 96 85 79 53 99 
21 26 68 19 29 38 12 3 97 97 30 98 50 15 67 69 80 95 38 68 29 56 42 99 68 67 75 11 36 55 26 25 55 90 20 67 92 90 96 93 52 0 53 8 75 80 68 19 75 83 8 78 89 63 23 96 4 49 28 4 18 69 3 8 51 47 45 3 57 93 47 17 87 34 10 21 6 41 39 76 37 79 53 17 57 71 52 9 25 56 42 7 81 6 61 0 85 57 88 98 
21 36 50 16 80 62 13 52 73 39 53 80 40 5 82 10 2 6 36 62 79 62 60 18 9 31 12 1 53 33 11 69 19 99 92 85 44 88 59 43 64 7 6 27 50 64 93 12 67 30 60 27 82 66 98 55 7 50 71 96 52 47 4 80 12 78 4 20 67 97 75 95 34 79 17 58 5 29 73 20 65 69 0 9 67 37 65 38 42 60 48 8 64 21 63 59 96 85 1 45 
10 44 33 68 40 24 4 0 40 38 99 18 95 13 67 2 60 25 72 37 55 17 69 16 26 50 42 5 30 52 84 4 91 58 54 69 33 37 1 1 7 38 9 45 10 15 43 96 94 61 95 42 70 64 51 90 42 87 39 23 34 22 21 77 63 54 77 35 42 36 1 81 77 50 86 51 77 59 54 90 10 90 59 73 78 43 2 94 16 30 81 52 41 53 99 21 47 64 74 1 
62 4 35 20 0 97 38 41 5 61 73 24 66 35 74 4 11 37 93 30 65 15 9 93 47 39 16 19 97 13 69 96 38 72 21 14 59 56 50 18 29 61 72 58 24 77 14 53 71 53 2 91 11 12 53 54 83 98 26 70 27 21 67 36 53 42 9 28 90 14 85 72 38 31 58 17 22 51 35 64 3 5 3 86 35 76 71 94 50 96 26 36 67 50 23 52 44 52 52 36 
89 7 59 44 11 95 41 96 66 77 67 55 1 71 69 10 98 48 59 30 35 70 60 13 79 82 77 1 63 0 50 96 28 64 56 61 69 37 95 18 30 64 84 36 69 92 87 59 58 70 27 86 27 36 55 23 5 29 45 19 17 16 90 47 27 21 77 84 72 40 57 53 56 71 73 7 78 73 3 21 89 94 21 17 13 6 28 83 23 34 88 2 86 45 10 21 13 92 17 85 
11 66 14 4 22 11 79 81 61 92 79 84 65 46 88 12 38 84 59 94 35 61 73 89 67 63 84 15 4 39 88 71 82 97 20 31 14 59 60 34 89 34 60 96 60 1 81 39 25 74 16 31 71 99 49 64 72 54 17 99 64 58 71 3 42 34 65 63 55 55 14 14 43 90 42 10 12 4 26 5 27 16 67 50 14 87 58 13 84 94 88 39 91 79 92 13 27 9 14 86 
84 52 13 92 55 50 9 16 3 57 81 7 79 77 59 59 35 86 22 50 96 74 99 18 90 5 10 40 68 99 55 22 23 17 63 33 3 81 92 72 92 40 26 13 86 35 81 62 24 14 64 96 67 84 40 11 89 73 2 5 38 30 11 42 55 27 26 36 34 55 52 73 86 60 79 66 64 8 41 36 60 10 97 82 53 35 48 13 40 37 74 76 12 30 60 2 52 13 49 3 
74 55 21 44 99 85 38 83 0 70 83 3 31 20 44 49 24 50 91 61 23 21 65 64 23 53 76 30 38 4 77 79 67 70 75 55 38 40 18 16 38 75 59 65 1 36 1 29 21 38 29 76 6 68 23 2 90 66 80 26 24 54 12 23 14 37 53 87 62 60 59 12 79 20 52 5 13 62 52 13 35 88 9 47 58 78 88 6 30 57 96 23 84 58 4 97 43 6 85 81 
81 89 98 88 87 93 47 67 1 63 90 58 63 38 60 0 93 8 25 47 94 41 79 47 5 53 49 26 53 14 37 76 46 48 22 52 29 82 52 63 88 11 41 79 72 77 30 65 64 29 81 54 87 72 6 96 83 81 49 45 13 77 77 96 33 29 35 39 77 23 67 81 30 44 92 90 16 17 47 97 92 53 45 6 24 68 21 77 94 2 58 15 90 83 67 21 54 78 98 42 
68 28 19 30 11 89 20 49 83 90 30 81 15 89 11 96 2 34 0 90 46 79 63 4 4 24 10 43 72 57 53 56 46 37 13 61 35 95 19 32 26 32 1 19 26 45 13 36 61 6 79 92 19 56 56 52 81 8 77 74 97 18 99 31 58 37 77 37 42 20 4 69 45 18 66 96 26 63 62 70 72 36 33 41 37 34 70 62 86 14 41 83 68 84 13 69 33 94 67 56 
60 88 79 13 63 14 34 17 9 18 43 13 63 4 43 86 72 36 52 58 54 44 9 77 33 79 16 86 6 14 55 62 58 93 5 15 64 59 16 17 21 71 75 42 11 58 45 76 81 42 2 30 74 88 79 28 12 64 41 31 86 71 84 45 74 38 69 25 69 0 6 72 52 56 22 44 20 46 63 58 70 41 77 28 61 20 1 80 5 34 48 48 69 47 63 22 85 96 11 72 
10 58 42 98 0 76 76 69 81 32 97 68 64 61 91 17 61 26 88 1 28 2 75 65 77 11 24 70 11 73 11 96 58 50 97 79 8 8 46 18 71 23 26 34 23 68 34 68 86 35 72 79 54 7 56 9 21 43 51 32 64 49 2 64 45 42 55 20 31 43 90 98 1 9 23 49 75 49 26 58 97 27 29 95 29 61 66 13 23 43 55 8 17 47 71 9 41 95 75 63 
47 66 91 83 83 52 24 75 13 49 69 15 61 74 30 55 38 61 77 40 99 15 49 10 36 7 42 74 19 17 11 70 99 36 54 54 99 45 85 42 79 46 9 62 59 96 24 93 49 42 2 51 82 95 70 82 30 73 72 36 38 0 97 84 26 1 37 58 6 69 61 29 38 99 37 64 55 69 51 80 10 52 96 94 36 86 3 52 32 31 83 7 39 27 42 53 10 50 39 24 
87 46 45 8 23 5 2 73 88 5 75 12 78 16 39 76 8 78 59 1 92 22 29 95 41 72 9 65 50 74 88 60 55 29 33 63 72 39 87 12 6 91 88 94 75 62 87 18 30 13 48 92 48 4 30 23 34 46 32 28 70 94 49 58 9 70 13 94 99 74 56 86 39 49 17 56 66 89 45 88 7 49 51 48 2 80 45 8 50 0 57 47 45 53 85 77 55 69 76 49 
82 53 13 54 92 93 87 24 36 13 64 70 7 12 52 19 44 31 9 69 86 35 21 57 17 83 28 81 73 53 28 5 15 8 75 38 99 77 98 64 39 94 56 3 25 55 11 97 12 20 21 71 1 44 64 69 17 81 58 16 48 92 19 9 56 36 20 52 92 23 78 86 68 26 90 59 10 46 36 28 56 39 78 54 92 77 5 61 81 54 60 76 32 45 82 81 91 44 31 96 
10 88 6 5 24 34 45 60 73 17 10 73 94 85 26 53 87 91 30 61 89 83 1 14 4 91 92 25 2 37 37 7 66 36 52 42 57 20 53 96 43 88 74 65 64 86 48 1 65 6 73 95 77 91 65 9 36 39 35 93 47 62 88 29 7 75 82 3 81 63 2 59 99 11 92 47 72 84 24 78 6 22 23 44 77 54 5 50 61 66 21 17 49 27 19 66 10 97 84 14 
34 32 61 91 78 82 91 43 32 94 79 35 51 15 67 37 89 1 83 45 43 2 51 42 79 49 6 13 71 50 72 85 18 38 85 54 36 20 77 21 59 1 36 57 56 1 3 49 21 40 54 37 13 28 53 75 71 19 26 51 57 58 40 70 96 53 82 44 79 75 60 69 97 39 31 24 32 55 5 20 62 65 23 3 48 72 7 83 20 90 85 75 84 12 58 8 47 78 17 91 
34 89 93 44 57 63 77 95 16 11 94 98 74 54 92 7 63 78 72 64 14 49 5 91 41 74 11 67 61 68 16 17 39 4 40 36 85 46 24 35 55 79 18 63 82 55 36 84 7 14 85 6 93 93 94 88 71 94 38 20 61 0 65 46 58 6 8 23 36 75 90 88 58 9 81 79 6 27 83 27 99 47 10 27 44 40 3 41 39 33 6 57 66 65 64 88 16 12 71 20 
34 63 23 57 0 11 42 19 6 98 41 7 4 35 11 64 45 65 36 28 25 68 34 52 18 96 64 41 81 78 47 71 43 21 81 19 6 54 2 26 75 1 59 10 65 0 31 14 51 49 97 78 60 81 11 51 56 56 68 5 48 56 33 96 67 85 18 74 55 6 25 40 27 63 68 70 43 32 35 48 70 59 58 46 57 49 1 72 12 37 15 89 2 90 28 83 6 64 5 73 
68 79 27 9 51 60 61 7 9 41 72 70 66 96 56 1 3 16 3 14 86 52 66 73 78 32 62 69 4 37 35 9 1 61 7 85 56 57 8 46 44 17 79 92 35 74 42 3 70 90 47 46 62 40 39 45 72 10 73 17 37 21 35 6 81 84 71 84 68 93 95 91 43 98 87 22 93 56 1 92 80 58 35 94 52 17 45 20 30 31 42 2 61 39 93 87 52 40 1 75 
81 45 77 78 11 93 94 52 8 79 83 63 30 58 28 60 52 40 52 31 37 57 65 38 92 51 21 37 7 4 98 60 65 0 15 26 48 10 34 59 56 98 14 52 39 13 26 86 66 68 25 13 8 34 33 37 30 6 35 48 26 58 77 17 18 59 4 0 45 57 41 62 18 42 57 9 44 42 40 58 74 30 39 8 40 3 20 29 47 91 84 47 8 12 64 81 18 85 92 27 
71 77 83 41 4 5 45 84 68 10 68 99 4 97 46 5 56 81 52 35 51 91 71 23 9 31 45 36 39 90 63 4 89 52 66 68 63 14 29 54 33 22 40 50 20 10 51 15 34 2 38 64 3 21 5 83 18 60 37 62 55 75 30 99 51 21 24 87 27 47 97 50 99 48 93 41 66 4 64 16 30 47 61 75 25 9 21 88 95 97 4 32 8 35 83 92 75 43 10 14 
84 48 45 85 19 41 58 13 50 99 67 85 5 64 43 28 70 36 39 46 91 71 25 48 65 99 61 22 42 72 64 82 39 57 38 83 28 49 61 59 96 36 20 13 26 93 38 79 58 1 87 65 83 78 37 64 81 6 9 6 38 38 66 61 6 7 59 3 75 0 52 78 68 14 57 97 74 73 3 84 46 77 25 20 46 46 65 71 82 80 73 23 15 94 91 25 74 50 36 66 
92 42 44 98 7 50 4 13 33 62 38 23 48 95 26 36 85 26 62 13 63 2 32 70 36 52 92 85 84 0 1 80 46 10 37 7 15 59 12 69 38 27 55 5 94 76 37 68 47 72 71 38 23 95 98 35 2 48 13 69 42 15 31 20 74 86 34 13 37 81 10 92 38 51 73 41 54 30 91 25 53 23 75 23 32 48 32 33 45 94 10 29 70 71 85 91 59 53 13 1 
65 69 96 39 40 28 89 74 25 64 62 55 67 74 9 18 5 28 53 30 76 50 91 42 90 99 91 65 45 22 20 65 52 22 24 1 48 40 15 62 4 47 32 50 59 35 38 33 30 35 29 43 91 4 47 22 32 55 6 37 81 66 84 59 44 81 46 23 96 0 7 41 62 46 64 61 36 88 70 91 43 54 52 67 67 47 43 3 94 44 29 68 55 82 56 2 67 69 40 17 
73 76 48 45 2 50 15 16 96 98 4 12 56 88 99 12 31 21 51 8 2 97 4 93 54 32 46 54 99 50 44 86 34 12 32 83 90 81 16 21 99 29 58 24 97 90 81 2 76 60 71 53 98 83 11 94 39 5 12 19 78 77 37 19 20 44 41 80 44 2 91 42 86 97 18 99 78 35 10 63 74 46 2 38 64 33 51 20 69 77 83 26 98 1 0 64 98 12 31 3 
54 82 60 84 81 54 93 86 99 83 79 49 56 77 29 60 71 99 63 22 37 84 31 77 57 35 11 72 61 16 24 52 15 72 96 42 59 24 22 75 60 39 50 72 51 78 16 77 22 78 91 42 79 86 83 66 73 18 92 4 60 71 19 19 34 65 30 9 57 99 35 0 77 90 90 18 54 81 71 91 23 10 48 13 82 50 41 40 12 38 87 80 89 43 43 72 69 16 38 57 
78 78 78 68 94 1 40 49 85 6 26 21 29 93 97 63 6 90 67 51 89 8 74 35 0 2 33 16 59 81 36 53 3 63 96 95 99 95 66 61 18 61 56 11 40 41 46 27 76 36 94 7 59 40 71 86 66 46 12 9 56 21 77 26 43 0 5 5 1 17 99 40 42 74 50 21 15 86 79 78 71 46 62 52 64 36 49 9 43 33 26 25 60 95 52 52 47 75 96 19 
30 9 47 28 12 13 8 47 76 83 69 83 80 50 2 35 47 10 80 59 62 8 81 3 78 87 94 94 2 10 71 99 87 2 66 33 9 37 70 86 46 56 83 27 27 93 15 30 67 50 45 53 67 79 22 3 60 78 89 17 37 58 56 59 40 21 89 32 4 32 3 64 61 49 45 70 95 7 49 91 10 43 31 10 11 62 21 13 89 92 31 97 23 3 56 58 26 21 55 5 
27 12 5 31 33 28 64 67 17 24 4 37 67 93 18 48 14 61 62 29 61 27 95 57 69 57 19 4 47 63 17 40 46 83 58 46 70 58 74 36 28 28 4 96 26 53 39 69 43 52 72 12 76 34 94 54 74 60 68 13 84 41 41 36 42 59 67 93 56 65 53 58 29 3 48 20 39 58 96 85 15 99 57 61 46 18 14 39 71 84 21 73 98 38 81 58 94 77 83 92 
47 8 37 60 59 49 57 58 82 60 28 9 53 33 91 11 83 33 69 70 28 81 36 1 83 91 40 26 71 93 20 20 55 80 20 4 30 14 63 4 3 20 60 85 82 48 98 4 95 7 55 41 76 30 89 3 81 19 27 47 69 3 52 39 12 32 12 71 72 89 6 44 10 2 13 53 9 26 36 24 70 50 98 12 19 9 94 5 42 31 81 98 19 55 4 99 74 17 9 60 
47 60 2 33 3 20 16 76 63 72 83 5 61 65 72 32 14 76 37 10 88 90 90 90 33 85 79 23 54 61 77 52 55 37 22 83 34 49 37 31 7 83 32 68 58 61 12 81 17 45 56 26 21 92 46 88 21 96 19 75 82 99 70 67 25 77 63 10 67 18 98 37 6 57 63 78 66 40 19 7 63 26 89 90 99 22 30 20 92 50 62 23 59 97 39 28 96 1 57 55 
22 37 9 55 39 67 84 6 21 42 95 9 61 0 20 96 41 15 28 18 88 70 77 12 37 27 28 20 81 23 76 64 63 1 69 45 35 57 26 84 52 82 50 92 22 7 47 70 14 99 51 21 45 43 40 56 37 93 14 43 67 12 35 35 14 67 86 55 30 47 19 20 93 80 92 15 55 23 68 10 40 75 48 10 74 38 3 21 37 0 88 24 43 48 79 79 84 18 89 0 
87 76 81 34 89 17 91 88 83 12 88 70 26 7 17 80 0 75 49 90 66 68 34 76 41 50 36 0 99 55 85 17 82 46 13 22 97 32 81 76 87 90 3 89 35 86 77 32 42 99 71 7 9 99 76 51 76 68 26 82 24 9 6 49 68 52 70 33 71 1 77 26 82 84 69 40 69 44 92 14 13 24 65 16 52 95 99 96 1 81 9 45 63 0 24 61 37 13 70 74 
20 5 75 48 93 0 9 69 43 1 31 53 60 63 79 69 73 20 74 8 87 68 40 29 49 61 88 33 72 50 63 24 85 27 44 67 83 84 85 41 61 26 37 90 72 91 85 86 42 1 13 47 34 91 88 19 44 31 77 48 94 4 78 97 72 92 15 22 89 90 23 89 63 3 74 45 41 94 54 76 77 94 29 76 40 84 45 46 93 67 39 35 98 89 6 89 83 91 88 90 
26 92 47 8 41 27 10 85 62 39 91 14 60 32 57 28 14 12 23 10 57 32 31 22 41 66 49 30 37 81 32 19 83 59 23 66 83 62 34 24 11 33 56 36 69 90 65 98 31 92 1 19 94 7 60 48 2 91 89 29 85 32 38 16 24 15 85 3 69 13 5 31 69 70 9 78 50 69 50 60 20 30 20 65 74 6 62 62 58 56 51 67 89 59 82 15 24 60 19 95 
87 67 35 21 36 48 57 44 13 56 22 0 76 63 4 12 83 84 37 60 36 89 19 39 63 75 36 21 28 94 86 59 53 96 69 92 27 32 89 54 29 71 95 86 40 26 53 49 71 54 78 85 69 90 41 81 93 51 33 69 75 89 65 65 27 97 81 48 98 35 29 41 85 7 44 51 15 25 99 51 32 18 40 34 76 10 8 9 30 40 35 85 9 1 11 59 25 57 18 39 
47 87 53 99 55 72 78 63 27 23 81 26 32 92 67 71 14 35 1 43 90 52 13 65 3 58 35 72 59 85 17 55 55 97 29 70 14 80 32 6 16 48 0 42 18 75 12 27 39 95 76 32 44 58 60 23 5 19 34 44 81 16 28 4 84 77 44 97 22 45 70 87 15 95 24 11 73 3 53 47 37 48 5 70 10 31 30 73 22 14 92 3 43 66 90 52 46 14 23 20 
10 55 12 91 12 73 81 93 55 25 57 43 79 20 64 71 75 66 18 19 63 57 16 30 37 76 71 80 48 70 42 68 32 17 63 13 54 83 58 16 75 96 85 46 31 80 80 70 39 0 44 59 59 29 52 43 56 2 75 11 71 60 57 7 15 31 22 74 81 79 29 57 25 36 59 73 42 28 62 91 78 92 45 87 15 10 78 32 46 34 43 99 83 63 99 51 71 74 97 50 
54 86 32 83 28 70 61 48 91 44 50 54 16 78 12 23 71 1 87 80 60 70 78 49 70 29 34 35 68 73 45 81 5 36 48 26 90 33 38 26 66 32 96 63 89 67 93 9 53 3 95 59 27 82 69 1 15 40 24 35 62 32 17 58 41 57 64 98 38 46 43 20 40 44 19 23 61 2 84 90 32 11 37 17 97 57 78 10 32 37 22 11 29 12 73 25 71 89 90 47 
44 4 42 94 81 71 28 65 76 96 90 37 22 24 86 67 63 51 47 89 5 52 95 51 9 84 21 72 78 8 48 2 48 68 2 43 64 63 83 0 6 8 22 64 83 2 10 27 22 21 95 73 95 86 57 75 14 21 14 17 15 1 39 1 2 21 79 8 78 95 72 50 55 94 12 60 20 29 57 23 44 98 39 88 22 57 66 48 84 42 55 69 49 34 23 34 74 3 62 12 
6 26 59 82 99 59 25 45 89 16 19 29 83 62 22 56 85 61 75 97 55 40 36 55 89 49 63 84 28 87 94 80 73 77 19 37 70 78 68 62 25 68 39 79 97 50 44 53 12 68 8 50 36 42 77 68 94 52 48 7 96 64 23 96 22 61 97 5 44 68 69 64 60 94 39 65 28 10 65 56 88 93 36 71 45 16 95 60 77 97 26 59 94 82 10 32 74 92 29 52 
26 80 40 82 8 16 25 81 11 89 50 69 5 19 88 8 3 31 21 26 33 89 13 92 66 90 21 11 5 27 47 77 58 86 58 78 98 87 37 56 53 71 45 19 58 80 84 97 30 14 52 3 7 12 9 23 40 28 38 6 94 54 22 88 5 7 94 89 36 7 25 95 20 8 93 24 8 42 36 35 7 97 50 3 67 46 61 3 85 91 37 56 73 65 3 53 63 10 92 66 
78 32 47 53 47 33 67 65 78 7 52 48 88 81 81 5 72 23 3 23 3 63 96 30 59 95 58 68 73 44 57 71 27 50 20 45 25 74 73 89 33 5 55 78 82 70 88 46 22 23 53 9 75 52 73 8 4 90 27 1 21 36 40 5 68 89 76 22 92 97 94 22 32 61 27 20 30 30 12 98 14 58 51 56 9 31 95 49 47 13 50 93 52 31 85 79 8 45 19 33 
99 65 54 17 20 11 98 34 46 32 99 20 44 43 47 9 82 64 39 38 4 67 78 58 11 4 28 3 52 41 4 7 58 55 94 85 92 19 52 36 64 33 7 85 39 64 67 14 64 78 71 63 8 49 56 74 32 31 30 42 0 11 57 29 69 97 45 39 37 17 63 39 2 87 40 69 95 63 92 97 32 89 57 80 79 40 16 16 33 68 98 31 63 5 60 9 67 39 35 71 
67 85 65 61 69 17 28 87 70 38 10 89 31 73 57 88 96 66 82 97 0 97 28 96 5 32 37 25 58 51 68 60 77 6 3 20 38 8 65 28 37 67 41 25 55 15 69 63 8 72 2 95 63 63 68 42 75 8 6 56 9 84 61 51 19 58 5 79 84 43 50 84 71 67 68 60 98 79 35 7 46 66 47 87 21 8 31 12 21 14 69 6 96 7 33 0 34 79 35 50 
58 79 12 46 5 2 53 95 58 12 18 70 3 96 62 62 69 67 60 31 78 80 83 64 43 94 64 86 34 91 96 49 2 35 89 71 94 76 10 75 21 86 39 20 90 74 55 3 61 17 92 51 38 51 16 72 78 5 63 86 82 8 18 77 91 8 79 30 51 57 96 89 33 50 76 87 4 39 37 38 12 17 85 15 82 86 72 40 73 39 28 80 50 83 23 40 96 12 50 32 
