100 100
716 1112 2534 2276 1434 868 1256 2194 2206 2408 2036 2118 1858 2262 1754 1780 1778 1950 1416 1666 1618 1888 738 1288 1784 1136 2380 1666 1516 1466 1644 1336 1762 1998 2050 2100 1944 630 1512 1918 2114 2352 1284 726 1178 1426 1318 1374 1754 1568 1066 2036 2086 1854 1250 2184 1470 2154 2248 2298 2244 2544 1870 2300 2084 1428 746 1294 2376 1660 1450 1084 1720 1036 1456 892 1240 2054 1792 1316 2244 1720 1218 770 858 2180 1888 1584 986 1208 1440 2036 1870 1738 1688 1632 1632 1204 1518 1836 
1380 1408 1306 2136 2278 1200 610 1824 2052 2256 2296 1542 1460 1854 1544 1298 1854 1674 1178 1050 934 1500 1430 1272 1504 1540 1716 1574 1058 1304 1752 1464 1200 1642 2318 1926 2528 2194 1648 1272 1660 1708 948 888 1218 1004 1140 1594 1302 1198 1394 1672 1714 1512 1818 1780 954 982 1000 2056 2378 1916 1254 1718 2166 2142 1204 1492 1642 2122 1934 708 1432 1146 840 1092 948 1456 1592 858 1602 2046 1548 1424 1168 1160 1176 1262 1646 1376 1214 1792 1640 1308 1352 1508 1958 1032 1672 1860 
1588 1420 1224 2068 1892 1882 1634 1802 2270 1968 1646 2204 1580 1278 1332 1378 1870 1468 1260 1514 1634 1634 1952 1326 812 2282 1484 2500 2228 2200 2156 2088 1580 1730 1596 2742 2602 1858 1596 1972 1146 1514 2158 1968 1168 982 1914 1936 1200 1416 1758 1718 2562 2318 1740 1272 1956 1692 1668 2042 1612 2124 1772 1848 1596 1942 1222 1604 1888 1504 1466 1928 1684 1450 1092 1112 952 634 1664 2352 1336 1374 1928 1580 1072 1402 1950 1390 1034 1280 2110 1422 1920 1672 802 932 1610 822 906 650 
1244 944 1382 1694 1532 1716 1158 1566 1568 1674 1408 1528 1492 1064 1330 1344 664 1308 2008 1724 1028 1092 968 2480 1724 1446 1282 1242 916 1956 2346 1930 1458 1718 1666 2278 2180 1846 1530 1180 1494 1534 1166 852 1310 1548 1538 1484 1330 1666 1272 1636 1566 2296 1694 1832 1698 1426 1516 804 1838 2412 2136 1900 1164 1590 1674 1768 2022 1994 1928 1186 1262 1872 2310 1066 1206 1390 1220 1514 1972 2326 2516 2088 1688 1354 876 1130 744 1518 1728 1182 1756 998 872 690 1030 2192 1990 1698 
1692 1346 1426 1668 1740 2082 1576 1662 1434 1728 1128 904 1954 1698 1088 1132 1398 1354 1226 1420 2166 2540 1298 1620 2166 1992 1936 2038 1532 1930 2076 2338 2564 1304 1402 978 2312 2312 1784 826 1460 1570 1188 2068 1288 2000 1790 1446 1428 1438 1720 1752 1792 1658 2070 1930 1256 846 1084 1106 1452 1360 1518 2260 1814 880 1580 1732 1436 1946 1714 2010 1666 912 1164 1592 1790 1244 1806 2160 2538 2154 2060 1956 2100 2144 1582 1550 1372 1286 1146 1334 1146 396 1596 1822 1214 1086 1612 1884 
1342 1378 1422 852 1760 2182 1146 1688 1172 1802 948 1356 1636 1374 1696 904 2014 1966 1904 1416 1382 1668 1374 1198 1500 2036 1412 2186 1170 1600 2298 2536 2092 1352 1502 910 1128 1942 2150 1992 1528 1464 1388 1544 1700 696 1960 2576 2234 1564 1552 1702 1446 1214 1994 1132 1774 1216 784 1386 1646 2218 2256 1720 1950 2454 1562 1244 1686 1640 1328 1472 1842 1676 1880 2076 2250 1594 1522 1438 1330 1594 1726 1974 1892 2020 2324 1898 1672 2086 1432 1254 1220 1606 1830 1088 1238 1468 1298 1312 
2288 1968 1642 1986 1606 1282 1756 1950 1938 1194 1422 1544 800 1474 2100 1440 1264 1470 1182 1854 2596 1906 1274 1824 1554 1846 1828 1734 1562 1956 1364 1688 1788 1444 1526 1100 1032 1264 1590 2076 1710 1248 2048 1542 1424 1634 1404 1372 1872 1580 944 1510 1754 1724 2120 2094 1890 784 888 842 650 932 1514 2170 1858 1092 1438 2004 1904 1472 1932 1018 1760 2448 1172 1358 1098 1440 1334 1624 2050 1262 1002 1806 1794 1488 1608 2736 2146 2134 2228 1692 886 1348 1218 1334 1606 1994 1584 2058 
1396 1598 1184 1204 1162 1622 2470 1340 1268 680 1116 912 1798 1886 1048 1804 2176 2104 2700 1844 1568 1882 1998 1334 1014 2058 1720 998 1646 1576 1414 2578 1784 1654 1742 1088 1426 1246 1178 1790 1800 1544 1224 992 1534 1514 1368 1976 2340 2482 2372 1464 1088 1762 2000 1764 1672 1948 1830 1118 1276 1902 1670 2070 2026 2146 2312 1904 2132 1724 1416 1874 1046 1784 1420 1808 1306 1824 1774 1084 1134 1174 1412 1472 1082 1572 1274 1856 2688 2108 1574 1976 1418 1034 1634 1534 878 714 892 1758 
1778 1692 1270 1056 1678 1522 1124 1424 2316 1828 1572 852 1226 866 1754 1834 2044 2022 2186 1642 1740 1926 1604 1468 1610 1358 1408 2102 1636 1026 1658 1780 1716 2250 2130 1512 1380 1218 2000 1066 1106 1494 1450 1410 1256 1304 1242 886 952 1520 1474 1184 2048 2014 1974 2156 2062 1368 2060 1108 1032 586 1446 2046 2484 2342 1174 1092 1326 1394 988 1694 1960 1834 1582 2194 1644 1250 1072 1714 1294 1234 566 1110 1488 1422 1298 1286 1962 1762 1656 1182 1712 1786 1690 1456 1716 1892 1466 1078 
832 836 1096 1716 1114 1138 2546 2132 1388 1076 1984 1852 1636 1518 1030 834 1356 1048 1500 2010 2098 1484 1338 1410 2160 1964 1774 864 1284 1416 1002 1456 1674 1022 1214 1414 2096 1192 1156 1268 1076 1532 1194 1950 1058 1206 730 1736 1948 1938 1636 1752 1630 1410 1654 1634 2042 1630 1384 2018 2534 1190 1084 1294 1736 2046 2326 1968 1230 1504 1718 1610 1584 2256 1482 892 858 1860 2336 1626 872 1074 1416 2282 1724 1476 1230 616 1100 1766 1506 722 1054 736 818 1300 1254 824 896 1018 
1234 1444 1774 994 1500 1524 1594 1756 1518 1996 1916 2186 1938 2046 2196 2042 2060 1844 2222 1862 1552 1974 1354 1082 1078 1344 1426 1808 2028 2036 1904 1838 1716 1806 1958 1302 1072 1042 1368 996 1028 938 802 1930 1870 1992 1078 1762 1232 1594 1552 1194 1302 2112 1682 1276 888 2038 1676 1076 958 892 1664 1714 1746 2212 1696 1256 812 856 1134 1214 1724 1860 1284 1676 1740 1778 1574 1152 1678 1440 606 1012 1918 2114 1156 1178 1442 1370 1176 1484 872 1312 1742 1142 1236 2182 1822 2236 
1064 1070 970 1398 1442 1690 804 1164 1610 1524 1266 1394 1740 1436 2358 2130 1668 1468 1104 1706 1784 2072 1388 1008 1364 2324 1414 916 856 1750 1700 1002 1582 2396 1128 1470 1428 1100 1396 1148 1656 992 1442 1732 2200 2476 2186 1370 1204 1942 1402 1210 1420 1232 1482 1142 854 1422 1562 1446 1056 1056 1056 630 976 1412 1522 2200 1710 788 774 1252 1768 2124 2554 2074 1196 1200 1000 1798 1192 454 1426 1452 1732 1830 1030 1640 974 1490 1546 1464 1380 1388 1078 1202 714 1376 1622 1726 
1862 1308 1030 1162 1036 1686 2196 866 1314 1072 1956 2410 2106 1906 1852 1948 2154 2100 1832 2212 2292 2102 996 1270 1054 1328 1034 1362 1694 2280 1988 2108 1300 1364 1460 2166 1208 1276 1246 1462 1478 1820 1736 1556 1560 1622 1988 1874 1950 2002 1834 1412 620 1280 2018 1398 1198 1064 1172 1674 1532 1398 1106 1078 1786 1400 1186 2170 1534 1702 882 1044 1256 624 1570 1146 1238 2080 1610 1934 1128 1548 1708 608 814 1352 1874 1510 1080 1386 1464 1748 1986 2228 1418 1416 1742 1304 1414 2292 
1444 1576 1240 714 1146 1246 1308 1448 2032 1412 1582 1314 1524 1650 1652 2126 1706 2498 1100 1346 1198 1588 1776 1726 514 892 2196 1214 758 1386 2002 2440 1834 1376 2192 1898 1630 1728 1454 1676 1350 1864 1684 1880 1758 2388 1966 1950 1734 1462 1308 1658 1914 1206 706 1258 1180 574 950 742 1418 1642 848 862 170 1116 1406 1574 1998 1540 1320 1414 1512 1850 1690 1946 1992 1690 1140 1344 1692 1292 1542 1636 1216 864 1452 1626 2134 2318 2110 1704 1302 1584 1452 1464 1286 1880 1796 978 
2214 1910 1760 1158 1538 1432 1586 1818 1422 1928 2340 1620 1456 1186 1434 1724 1288 1380 1818 2290 1586 1334 1482 1510 2046 928 908 1324 2032 1640 2178 1874 2074 1736 1476 724 2032 1836 1352 1674 2032 1380 1712 1554 2072 2094 1878 1314 1868 1950 1362 1542 1582 1686 1562 1090 1620 1726 1102 780 1418 2222 2408 2060 742 874 1668 2002 1562 1320 1332 1242 1488 1998 1830 1206 1264 1220 1592 1968 1332 2002 1812 1830 1268 1206 1572 1812 1758 1438 1438 1696 1576 1828 2300 1954 1356 1728 2688 2338 
1526 1590 2078 1612 1636 2080 1956 2158 1986 2290 2588 1450 1912 1686 1508 1006 2020 1992 1898 1630 1166 1460 1172 1326 1112 1352 1168 1376 2328 2030 1798 2068 1378 1956 2020 2042 1624 1218 1708 1414 982 1228 1910 998 1972 1112 1408 1374 1884 1146 1740 1442 1298 2382 2486 1674 958 1422 920 1346 1840 1766 2130 1644 1052 1008 1112 1736 1952 1890 1528 1060 1178 1736 1708 1822 1540 1634 1850 1924 2152 1946 1494 1740 2034 1452 1204 1626 1770 1966 1748 1876 2360 1550 1166 1698 1648 1326 1788 1992 
1804 1974 1514 1698 1174 1414 2076 2540 2258 2312 1974 1424 1296 526 1694 2014 2012 1980 1570 1490 1252 1262 1546 1472 1948 1616 1352 1606 1452 2300 1894 2532 1774 1798 1026 1980 2168 1526 1464 1398 2002 1250 1560 1654 1078 1316 1742 1442 1696 1914 2112 1232 1950 1818 2262 2082 1692 1444 1444 1600 1686 2554 2768 2040 2278 1658 1262 1876 1336 1622 1734 1676 1426 1522 1298 1598 670 914 860 878 1482 1750 2268 1650 1476 2228 2370 1642 1548 1420 1306 1602 1608 1560 1818 2264 1644 2186 1838 2484 
2132 1564 1052 1716 1376 1246 1116 1526 1970 1676 1862 2494 2112 1854 1992 1854 1482 1506 1698 1648 1832 1730 1708 1030 1108 1142 2010 1808 1858 1576 1724 1362 1892 2238 1314 1476 1760 1778 1532 812 1452 1358 936 1236 1552 1760 1242 968 1530 2170 1942 918 1504 1290 1948 1954 2046 766 1256 1004 1612 1770 1788 1980 1782 1524 1962 1472 1370 1798 1320 1664 1604 906 1312 2376 1154 1490 1860 1558 1508 1698 1846 2166 2030 1480 1540 1944 2368 1644 1528 1524 808 1766 1982 1566 1846 1994 1536 1866 
1562 1598 2280 1768 1414 1252 1822 1314 1392 1626 1694 1954 1412 1586 1742 2082 2308 1466 1350 1344 1372 1710 1726 2340 1842 1298 1382 1254 1940 1732 1694 1598 1976 1482 1822 2284 1924 2022 1962 1642 1636 1676 1972 964 1240 1540 1286 1512 1346 1512 1766 2016 1994 1534 1596 1180 1554 1448 1024 428 1108 1308 2276 2288 1848 1890 1274 1412 1640 908 978 2320 1622 1790 1098 878 1404 1502 694 1454 1488 1242 2284 2206 1446 1444 1600 1124 1334 1464 1196 1418 1542 1208 1802 1902 2148 1860 2288 1830 
2168 2048 1154 916 2058 1662 1044 2054 1820 1140 1178 1576 2356 2400 2382 2626 2320 2254 1158 594 1270 1726 1918 2068 1680 1248 1866 1740 1152 1614 1570 920 1000 1286 1484 1628 1802 1362 1418 1396 1904 1592 2018 1692 1770 1612 1198 1548 1686 1814 1262 1164 1182 1010 1458 1172 1178 1704 1600 1438 1684 1626 1062 1186 1864 2440 1778 1008 1386 1708 1142 1688 1202 1594 1002 1346 1120 1594 1722 2382 1942 1500 1308 2144 1432 1768 2010 1242 1080 1138 1112 1456 1490 1468 1104 1164 1864 1796 1616 1558 
1180 1272 1894 1516 1562 1820 1602 1794 2084 1436 1468 1414 1876 1852 1466 2564 2226 1860 1364 1642 1654 1948 2276 1244 1636 2266 1184 1634 2164 1514 1440 2002 1412 964 1366 1842 1822 2158 1444 894 1426 1716 2038 1756 1598 1290 1894 2236 1568 1372 1544 1182 1038 1236 1202 646 1084 1330 1704 2342 1400 1144 1336 1372 1812 2328 1994 2002 1530 1544 1608 1072 1330 1250 1572 1486 1092 1722 1372 1642 1236 1860 1522 1640 1782 858 878 1654 1526 1112 1734 1790 1270 1910 1774 2328 1930 1778 1630 1168 
1850 1264 1672 1330 948 970 1940 1496 2448 2408 1724 1262 1224 1720 1950 2208 2048 2356 1418 1546 1344 1244 1934 1704 1448 1738 1354 1702 1342 1834 1214 1164 1046 1126 1082 1284 1180 1572 1204 1064 1112 1204 2106 2124 2428 1516 1174 1598 2196 1854 1682 1356 1358 1410 1028 800 1568 1280 1192 1262 1790 2330 1866 1582 1134 1160 2208 2406 1416 1486 1520 1452 1162 1864 1730 1902 2214 1276 1426 1434 1712 1442 1870 1106 1530 1548 1220 1686 930 1048 1440 1720 1670 2076 1082 1758 2214 2036 2370 2000 
1800 1536 1756 1106 1862 1274 1046 1162 1674 2488 1914 1774 1606 1358 1084 2192 2220 1594 1808 1186 1276 2102 2374 2364 1066 828 1344 1490 1304 1920 2678 2012 1428 1274 1056 1604 1784 1852 1068 1438 1582 1928 1960 1374 1884 1978 1768 1556 1624 1998 2156 1298 1784 1374 1572 1206 858 1178 1920 1856 1602 1642 1782 1536 2114 1840 1910 1710 1574 1774 1660 1870 1456 1760 1128 1230 1652 1742 2032 834 940 1006 1630 2506 2014 1772 1536 1710 2034 1542 1100 1290 1742 1790 1296 1156 1162 1968 1912 1376 
1726 1666 1186 1642 2056 614 1210 1260 1694 2250 2484 1950 1190 2208 1272 1560 1418 1636 1568 1150 1602 1752 1420 2632 1846 1070 928 1420 1738 1110 1842 1306 1932 2004 668 1038 1470 1726 910 1336 1026 1016 1338 2312 2526 1672 1800 1518 1204 2198 2024 1540 1716 2082 1724 1770 2006 1830 1826 1694 2310 1632 1844 1784 1458 1792 1584 1726 2154 2048 1422 1442 1460 2124 2384 1784 1700 1882 1850 1552 1494 1132 588 972 1464 1394 1522 1016 1406 1012 878 1608 2408 1848 1476 1408 1046 1346 1364 1854 
1208 1664 1268 1100 1250 1712 1868 1010 1886 2228 2818 2650 1826 1762 1790 1384 1578 1960 1286 1864 1526 1794 1568 1940 2590 1698 898 1138 1560 1978 1848 2448 1690 1712 1322 1170 1630 1764 1818 1346 1444 2154 1868 1374 1628 1476 1378 1508 1020 1640 1806 2398 1918 1968 2168 1596 1340 1790 2162 1840 2150 2436 2100 2070 2136 1790 1714 1616 1222 1668 1764 1830 2016 1578 2098 1368 1314 396 1232 1450 1360 1278 1880 1772 1816 2118 2384 1808 2118 1588 1514 1724 1322 1794 2004 1494 1068 1122 1190 1368 
1580 1378 758 1318 824 2054 1880 1836 2044 1780 2250 2236 2646 1996 1480 1874 1620 1756 1620 2148 1540 1200 1832 1792 1400 1712 1166 840 1584 1874 1370 1092 1378 1942 1992 1218 878 1150 1900 2012 1054 1200 1440 2198 2420 2176 2170 1600 1028 784 750 1418 2088 2126 1874 2288 2138 1642 2070 2220 2244 1886 2238 2276 2214 1892 2088 1572 1366 1694 1754 1502 1548 1214 1290 1778 1410 908 1336 1748 1372 944 1352 1170 1554 1300 1830 1214 818 1314 1816 1482 2284 2450 1312 1804 1930 1986 1528 938 
812 1176 1654 2170 1584 1568 1148 1916 1890 1634 2080 2108 1934 1686 1196 1830 1878 1952 1660 1148 1988 2038 1608 1756 1222 1984 2104 1454 982 920 1872 1148 1646 1478 1144 1696 1276 818 1540 1092 1538 2244 1780 1588 2366 2244 2124 1284 1516 1104 1086 1770 1744 1870 2222 1956 1658 1306 1194 1192 2224 1786 1788 1340 1874 1552 1282 1604 1800 1236 1172 1508 864 1402 1060 1562 1770 2066 1122 1236 2054 1276 1200 1134 1574 1676 2116 1980 1816 1972 1830 1800 1674 2224 1564 1618 1810 2006 1940 1450 
1488 1456 1452 918 1418 1374 1608 1812 1174 1154 1852 1934 1836 2014 2210 1724 1884 2154 2204 1972 1132 1060 1444 1554 2130 2176 1216 1338 1308 982 1666 1548 1468 858 1818 1600 1448 1020 1050 1046 2054 1506 1482 1492 1736 2146 1968 1474 1348 674 534 318 1040 1932 1786 1916 1956 2328 2108 1796 2088 1224 1604 1248 1670 1564 1776 2068 1936 1918 1882 1814 2078 1770 1824 1114 1370 1724 1776 1558 1724 2080 1330 802 1228 1332 1402 2090 1824 966 1824 2270 1816 1818 2002 1262 1144 2144 2198 2132 
964 606 1480 1678 1476 1394 1262 1322 1766 1600 1448 1650 2502 2328 1492 1342 2042 2680 2160 1596 1452 1616 1644 1148 1316 1346 1714 1816 1202 674 1442 2024 1598 780 1146 556 1080 1268 1152 1516 1508 1330 1860 2340 1714 2264 2406 2382 1814 1700 1532 1898 1380 1538 2164 2212 1222 1590 1886 1456 1060 1526 1952 1290 1626 1504 1458 830 1740 2076 1556 840 946 1544 1850 1906 2478 2270 1872 1842 1708 1536 2176 1586 1818 2162 1760 1542 1684 1862 1756 1992 1794 1562 1354 1478 1212 1222 1590 1088 
1880 2078 1094 1162 2146 940 1470 1224 836 1400 1754 2278 1902 1418 1724 2430 2040 1848 2052 1764 1522 1572 1394 1846 1480 1702 2024 1940 882 1412 1142 1638 2020 1436 772 1052 1738 1520 922 1270 1396 1342 1096 1160 1536 1250 1734 2286 1584 1116 952 528 1474 1876 1788 2184 1736 1842 1230 1396 1758 1482 1062 950 1036 1254 2116 1358 1850 1532 2320 2520 1570 1240 1282 1912 1774 1804 1640 1042 1300 1932 1942 1754 1034 1666 1710 2074 1872 1086 1184 1480 1632 968 1468 1970 1388 1736 1564 1654 
1666 2146 1512 1720 2046 1416 1710 1682 1860 1846 1666 1802 2296 2494 1118 1398 1616 1688 1974 2104 1786 2268 1358 1282 1190 1608 1048 1494 1408 1092 602 1190 1756 2220 874 914 1424 1334 1004 1362 1918 2184 1752 1304 1406 1496 1986 2138 2616 2422 2156 2016 1966 1754 1632 1396 1576 1528 1364 1468 1450 1780 1604 1280 1852 1300 1572 2046 1676 1208 1288 1924 1940 1772 1144 1572 2084 2426 2264 1908 766 1080 1562 2530 2268 1174 1274 1366 1204 1862 1454 972 1406 1502 1234 1844 1634 1256 1032 922 
1098 1242 2030 2052 1760 2754 2152 1034 1430 852 1264 2390 2082 1686 1282 856 1002 2004 1636 1798 2002 1962 2090 2536 2084 1464 1534 1986 1716 1386 1434 1204 1222 1876 1408 1528 1208 1218 1812 1396 1064 1840 1710 1786 1470 1064 1018 1470 1336 1960 1960 1974 1772 1838 2292 2174 1658 1292 1802 1788 1012 868 1440 1366 1784 1254 1996 1880 1432 1366 1114 1324 1788 1932 1766 1752 1370 2388 1902 1792 1424 896 1334 1374 1902 2064 1716 2112 1200 1142 728 1424 1138 1270 958 1256 2762 2064 1948 1616 
836 854 1472 2010 1798 2398 2484 2338 1912 1702 1018 828 1354 1590 1630 1514 844 696 1212 1460 1428 1762 2114 1798 1854 1642 1916 2086 1682 1306 1712 1766 1922 2132 2326 2026 1596 1892 1016 1116 1206 1910 1976 1254 1566 1716 1612 1764 2154 1754 1412 1860 1532 1710 2142 1358 1350 2132 1600 1048 1286 1126 1476 1412 1400 1740 1524 1758 2230 1740 860 946 1516 1348 1916 1240 1284 1802 1916 1884 1424 1178 1098 1264 1360 1218 2078 1946 1634 1200 1650 1776 1588 1960 1258 1212 1780 1816 1856 1966 
1384 1336 1586 1570 1576 1560 1528 2036 1758 1256 824 1646 1868 1500 786 756 764 1520 1424 1324 1396 1138 1254 1734 2722 1980 1786 1694 1742 1972 1810 2056 1754 1286 1604 1690 1010 1888 1498 664 1238 1618 1340 1510 1634 1214 1094 986 1618 2172 2256 1916 2044 1782 1662 1822 2010 1382 1684 2304 1954 1594 828 1742 1960 1602 1700 1304 1576 1380 1972 478 1414 1674 1742 1900 2026 2240 1810 1836 1386 1560 866 740 2358 1122 1314 1968 2418 2028 1728 1616 1182 1474 1284 1416 780 1328 1606 1946 
1928 1496 1172 1902 1982 1514 2246 1630 1798 2264 1526 1074 1074 1978 1982 1202 1138 1024 544 1116 1700 1398 1528 1298 1108 2024 2034 1552 1882 1614 1864 2542 2098 1976 1910 1864 1904 1282 1940 2056 1458 1350 1450 1794 844 786 1774 1172 1112 1876 2146 1730 1998 1914 1690 2012 1634 1658 2780 2158 1876 866 1214 1080 1650 1604 2100 1642 1852 1218 1608 1516 780 1382 1418 1526 1902 1728 2202 2304 1380 1088 1898 1706 1226 832 1782 1880 2022 1914 1854 1772 1318 1366 1046 1102 1398 1476 1722 2142 
1588 1770 2504 1866 2262 1818 1166 1430 1450 2052 2144 1370 1536 1434 1958 2062 1832 1996 1966 1986 1446 972 940 1280 1640 1372 2018 2172 1958 2052 1608 1818 2368 2032 1114 1740 1434 1444 1796 1884 1360 1090 1140 1270 1062 706 1166 898 660 1168 1716 2316 2338 2300 1988 2034 2450 1490 1132 1008 2026 2556 2494 1588 2024 2450 2094 1360 1584 1560 1244 1162 1432 1022 1896 2260 1568 1782 2296 2332 2312 1878 1298 1648 1668 1768 1654 1354 2046 1490 1414 1042 1478 626 882 1004 1010 876 1086 1176 
2484 1824 1366 1934 1958 2070 2138 2060 1962 1068 1612 1964 2026 2044 2394 1646 1276 1446 1864 2110 1690 1792 2046 1626 1710 1794 1804 2404 1514 1836 1522 1860 1850 1584 1050 1486 1986 2012 1420 1608 1552 1976 2224 1360 1748 1792 1096 562 1258 1554 1610 1820 1732 2406 1980 1456 1418 1986 1768 1514 1878 1558 1626 1572 1810 1482 1912 1614 1852 2100 1682 1870 1518 722 1156 1636 1758 2150 1978 2842 1906 1658 1660 1342 1092 1996 1296 1460 1956 1924 1972 1778 1074 546 1348 1234 1454 1410 1630 1352 
2262 2312 2292 2040 1998 1566 1694 1734 2004 882 1198 1560 2020 1784 2500 2392 2616 1702 1752 1846 1772 1658 1076 996 1424 1714 1458 2458 2192 1708 1298 2398 1556 1858 1786 904 1182 2102 2112 2272 1778 1186 1578 1704 1938 1496 2050 1908 1050 924 1548 1928 2304 1790 1492 1428 1534 1982 2008 976 834 922 1758 1264 1442 1272 1994 1956 2242 1514 1406 1798 2146 1660 1630 1816 1276 1556 618 1188 1938 2698 1676 1344 1068 1836 1260 1474 1470 1706 880 1020 1594 1052 368 1360 2330 1298 1638 1272 
2400 2548 2324 2074 1962 1764 1436 1948 1772 1750 1664 1500 1752 1602 1562 1676 1852 1416 948 1628 2168 2206 1760 1074 1742 916 1780 2304 2026 2138 1212 1556 1344 1424 1454 2078 1908 2224 2182 2500 1686 890 1558 1762 2158 1916 2440 2106 1800 1520 1596 1904 1082 1922 2216 984 886 1098 1498 1324 1302 882 1184 734 1692 1396 1330 628 1368 1416 1802 1044 1374 2318 1380 1176 1534 1852 1120 1194 1168 1204 1146 1448 1446 1018 928 2082 974 1096 1980 1544 1856 1578 1582 1508 1434 2000 2464 1910 
1744 1464 1914 1790 1348 1612 1512 1366 1444 1572 582 684 1122 1980 1326 1536 1780 1222 1520 1078 1218 1546 1564 1568 1708 1732 1958 1642 2204 2092 1298 1908 2312 2462 1700 834 1532 2432 2100 2420 2300 1700 1180 1264 2126 1576 1606 1324 1836 1732 1002 1076 1320 1374 930 1496 1058 1030 1522 1268 1764 536 1048 1266 1072 976 1834 1536 1932 1692 1766 1912 1536 1814 1730 1864 1466 782 556 928 1248 1992 1988 1636 638 1072 1458 1552 1616 1494 1178 936 1676 2196 2220 1084 1368 2096 1860 1820 
1744 1512 1698 2302 1834 1080 1666 1920 1206 1570 1358 1650 1812 1748 1294 1432 1864 1816 1334 1092 1712 1888 1486 1876 1578 1876 2006 2074 2380 2098 1576 1154 1350 2068 2000 1654 1608 2152 2664 2388 1748 2028 1458 1568 1350 1234 1250 1530 1678 1606 1708 1238 1680 1884 1874 1420 1252 1336 1248 1468 1798 1698 1608 1390 1872 2104 1624 1850 1998 1452 1324 698 1548 1676 1122 1630 698 1222 1142 1692 866 944 1272 1342 1596 2066 1878 1242 1780 1916 1512 1514 1682 1562 2176 1998 1528 864 1714 2698 
2020 1510 1148 1058 1470 1444 612 1434 1718 1474 1560 1340 956 486 1208 1532 1690 1976 1248 1550 1140 1410 1416 1074 1840 1900 1392 2024 2010 1804 1656 2124 1334 1776 2446 2140 1816 2026 1954 2134 1598 1650 906 1158 1290 1658 1676 1762 1574 1558 912 790 540 1244 1952 1246 1598 1438 1426 894 802 1332 1670 1562 1968 2100 1218 1406 1522 2340 2488 1624 1946 1784 1684 1494 1260 1356 606 212 1180 1444 2004 2208 1924 1318 1896 2302 2126 2016 2006 1260 2008 2274 1842 1102 1850 1790 1422 764 
1270 1154 1358 1750 2060 1780 2116 1566 886 806 1686 1632 1960 1688 1894 1954 2092 2374 1498 948 1648 1768 1072 1446 1430 1088 1760 1852 1638 1930 1430 936 1252 1468 2062 2116 1148 1178 1244 1864 2004 2088 1520 1820 1806 1092 1674 1106 1414 2114 1634 1016 1272 1932 2184 1898 1518 940 2356 1944 2086 1254 1278 1978 2012 1436 1946 1566 1136 1826 1522 1628 2102 1754 2238 1790 1414 1564 1392 1088 1654 1572 1612 1842 2098 2006 2210 1782 1202 1840 2088 1698 1852 1554 1368 1688 1930 1004 1366 1428 
1494 1064 1146 932 1312 1176 1166 1602 1922 1440 1606 1306 2218 1858 1206 836 1746 2042 1690 614 992 1442 1608 1162 1332 1428 1488 1206 1476 1566 968 1520 1952 1582 1518 2486 2340 1874 1506 1220 1384 1886 1978 1416 884 1426 1514 1674 2240 1604 1824 1472 928 1270 2130 2416 1998 1280 1216 648 1294 1096 1130 1016 1618 1422 1812 1392 1600 1604 2058 1692 1022 2404 2192 1584 2004 1728 1228 1400 808 1234 1752 1894 2894 2042 1396 1810 1806 1070 890 1716 1774 1898 1580 1236 1672 1996 1622 1026 
1672 1158 934 870 1070 1470 860 1392 1326 842 742 692 1696 1828 2314 1988 1808 1900 2092 1396 1022 1290 2256 1548 1990 1796 1784 1478 1888 1438 1684 1782 1422 1798 2192 1292 1814 1834 1830 1582 1082 1624 2254 1774 1530 1808 1800 1446 1482 1050 1306 1764 1840 1742 1236 1988 2274 2310 1470 1200 1506 1430 1588 1416 2010 1372 1212 1244 1536 914 1656 2592 1944 1540 1534 1990 2156 2044 1210 1578 2044 1980 2530 2046 1750 2308 2442 1430 1040 1356 1316 1992 1704 1982 2400 1854 1632 2186 2118 1542 
2006 2182 954 664 1294 1352 1326 1318 720 1642 1624 1718 1738 1612 1974 1842 2088 1794 2396 2004 1378 1532 1700 2118 2276 1600 1630 1338 1926 1464 2072 1560 1912 1884 1624 1084 1536 1298 1348 1290 1524 1406 1898 1246 1768 992 1084 1772 1712 1984 2038 2268 1914 1976 1460 1296 1290 2378 1902 1332 680 1290 1674 1270 1542 1386 1354 1486 2398 1980 1762 1380 1860 2170 2334 2192 2030 2222 1608 1526 1882 2140 1728 1454 1422 1322 1502 1976 1992 1752 860 856 912 2126 1968 1380 1052 1558 1910 2148 
1910 1656 1326 702 526 1070 1628 964 1606 1714 1422 1196 1350 2116 1848 1880 1920 2350 2100 2572 2074 1762 1756 1892 1862 1736 2240 1910 2004 2430 1824 2534 2324 1806 1690 1596 1232 972 1934 2266 2128 1306 1198 1220 2154 1994 2352 1728 928 1256 1168 2146 2082 2348 2130 1674 1480 2224 2494 1830 1306 1172 1148 1634 1434 1528 1566 1402 1826 1484 1538 2084 1604 1710 1804 1624 1936 2120 1554 1022 992 2492 2466 2342 2208 1518 2088 1758 1064 1248 1258 1832 1438 1364 1220 2384 1726 1050 1282 1476 
1488 1232 1764 1360 862 1076 1396 1794 2070 1902 2182 1930 1490 2138 1726 2128 1866 2128 2082 2122 1718 1752 1912 1844 1716 1228 1516 1920 1760 1926 1316 1754 1410 1638 1840 1386 294 1228 1020 882 1062 1646 2342 1222 1306 1766 1942 1780 2120 1834 1808 2360 2454 2498 1976 1712 1054 1122 1740 1708 1654 1478 1636 1450 1880 1348 1544 1810 1956 2410 2018 1780 1550 926 1624 1918 2240 1640 2198 2082 1194 1186 1530 1922 1184 1418 1562 1538 2238 2064 1314 966 1024 1430 1748 1654 918 636 850 1362 
2144 2016 1636 1696 1586 1366 1496 2240 1226 1664 2230 2728 2246 1456 1702 1852 1138 1348 2084 1802 1982 2248 2014 1702 2272 2294 1008 1084 1616 1930 2648 1778 1646 1488 1368 1708 1310 686 872 1578 1306 1204 984 924 1458 2008 2308 1770 1060 1676 2030 1704 1830 2680 1886 1862 2374 1874 1850 1458 1954 898 1544 1446 1874 2470 1750 660 1486 1542 1604 1330 1846 1314 1522 1432 1862 1254 1478 1120 1780 1574 1216 1396 1758 2178 1498 1880 1836 1476 1118 1016 1478 1490 2092 2064 1524 1128 1058 1516 
1806 1846 1438 2314 1784 1110 1568 1406 1682 2082 1652 1986 2440 1430 1536 1472 1498 2114 1662 1534 2374 1632 2220 2084 1794 1602 1010 1146 1562 1540 1526 1508 1492 1568 1808 1492 1070 744 360 1060 1054 974 1926 1838 1554 1728 1734 1802 1230 2042 1968 1766 1460 1788 1984 1416 1304 1168 1342 1592 1686 1888 2210 2136 1476 1754 2024 2262 1690 1570 1650 1796 1644 1400 1128 1812 2258 1300 1734 1498 1508 1612 1036 1392 1612 2218 1968 2012 694 1554 2036 2024 1064 1142 2188 2514 2464 1834 1368 1980 
1972 1588 1670 1734 2076 2334 1522 580 1870 1240 1738 2056 2102 2180 1578 1234 2134 1436 1440 2016 2152 1672 1996 2298 1664 1922 1798 1436 642 1444 2302 1768 1242 1370 1992 2208 2186 1874 1332 1102 1646 1456 1514 1630 1396 1328 1334 1864 1514 1676 2050 2718 2104 1458 2130 2132 658 1192 1634 1450 1974 1686 1358 1656 1792 1916 1844 1296 1168 1062 1162 1468 428 1966 1580 1748 2094 1346 1108 1632 1564 2520 1558 1854 1578 1786 1810 2620 1650 962 936 1970 1470 1478 1306 1920 2146 1638 1108 1056 
1342 1252 1572 1354 1816 1680 1402 1782 1928 1012 1532 1316 1494 2212 1654 916 1144 1996 1932 1514 2122 2644 1478 1028 1980 1746 1384 1648 1704 2016 2046 2122 1582 738 864 1230 1738 1406 1036 974 836 1486 1522 1722 1788 1562 1260 1030 1550 1798 2162 1598 1588 1406 1536 2262 2062 982 850 1032 1554 2342 2646 1884 2062 1424 1616 1582 1914 1360 1328 1210 1138 1412 1352 1662 1134 1804 1092 848 1026 1152 1278 1648 998 1752 1948 2096 2104 1448 1166 1590 1934 2080 1482 2044 1484 2038 2148 2136 
1252 1786 1760 1758 1610 988 1690 1850 1822 1598 1284 1546 2492 1808 1188 2274 1668 2162 2170 1972 1504 1746 1392 1334 1348 1174 2274 1532 972 1834 1732 2236 2212 1622 1728 1758 1416 1536 2224 2302 1516 1718 1854 1648 1158 978 1544 1108 1080 1658 2662 2180 2184 1900 1954 1332 2208 1826 1606 820 1014 1662 2026 2056 2124 1166 1372 1022 1506 1490 1282 1154 900 1284 1326 1588 1110 1008 820 804 1208 1562 1218 1444 1612 1520 1826 1762 2194 2208 1346 1270 1496 2032 1288 1276 1700 1470 1604 2214 
1268 1526 1110 1594 2022 1660 1826 1846 1984 2392 1738 1196 1976 1942 1494 1086 1044 1534 1646 1684 1046 1764 1622 712 1062 1678 1320 1644 1910 2118 1266 1996 1536 1250 1528 1724 1938 1162 1780 1344 1152 1772 1162 1692 2394 1582 1526 1734 1132 1504 2162 1598 1564 1450 2146 2352 2476 2110 1586 1262 1494 1754 2158 2404 2484 2276 1890 1504 1662 1826 1818 1926 1844 1286 842 1166 1288 1176 1140 1244 812 1492 1932 1190 1412 1422 1300 1606 2394 1398 1490 1936 2224 1186 1732 1718 1170 1498 1760 1530 
1190 1794 1972 2292 860 1306 1306 1354 2096 2292 2210 1296 992 2048 2184 1738 1658 1870 1680 1642 1168 996 1612 2374 1414 1662 1856 1310 848 1280 1674 1466 968 2066 1356 1416 2332 1316 1630 1498 2050 1208 1682 2354 1962 1902 1984 2176 2124 1780 1744 2414 1908 1810 1402 1844 1990 2246 2218 1866 906 1244 1784 1246 1812 1458 1964 2064 2238 2386 2182 1834 914 876 1690 1988 1632 962 1640 1154 1422 1290 1616 982 1478 1026 1570 870 1512 1692 1472 910 1676 2106 1758 1106 1858 2092 2066 2682 
1190 1670 1398 2202 2010 1938 1464 848 1518 1536 2350 2388 1516 1318 1120 1646 1616 1844 1678 2044 1662 1708 1378 1936 1270 1654 2338 1636 1326 1200 1388 1848 1742 1280 1386 1756 1610 1308 1766 752 1374 806 1312 1496 1190 1936 2406 2418 2390 2252 1242 2052 1984 902 1354 1544 1060 2066 2448 1630 1776 1834 1264 2124 1898 1376 1316 1682 1872 2008 2276 2466 2238 1452 1450 1200 1728 1436 2170 1768 2630 1470 1454 2052 1952 1288 2516 1848 1368 1536 1812 1082 1542 2348 2176 1656 2194 1852 1444 1288 
1594 1362 1552 1754 1562 1426 1340 1444 1564 1422 1496 1584 1186 1662 1716 1752 2008 2420 2186 1540 1118 1664 2234 2312 2738 2392 1314 1352 1308 1440 1830 1760 790 1204 1884 1324 1230 1160 2174 1240 928 1258 1316 1026 1846 1182 1410 2620 2518 2008 2002 1950 2112 2260 1178 1250 1628 1398 1000 1618 2164 1918 1634 1174 458 1364 944 1162 1978 2614 1974 2590 2576 1468 1432 1096 1286 1856 1800 1410 1758 1196 2042 1816 1416 1990 1260 1350 1386 744 642 1278 1198 1004 2166 1832 1640 1896 1656 1400 
1502 1476 1644 1668 1612 1748 1012 1070 730 708 1520 1580 1990 1246 1224 1600 1420 1556 2090 1794 1912 1346 1782 2186 2178 1468 1158 1946 1996 1328 808 1832 1590 1204 1738 1534 2014 1820 1094 1104 1742 924 800 1874 1470 1062 1644 1514 2190 2428 1510 1242 1432 1820 1976 1620 1376 1712 1410 1608 2362 1786 1402 1272 864 826 1178 1668 1150 1684 1296 1650 1780 1350 1478 1360 1942 1168 738 1938 2452 2314 1816 1698 2014 2072 1960 2806 1686 1958 1138 944 1332 2030 1938 1704 1288 1802 2230 1148 
1574 1384 2568 1800 2178 1706 1368 1096 1844 1304 780 1010 1444 1154 1852 2150 1856 1958 2208 1778 2436 1414 1764 1856 2174 2290 1762 1156 1122 2154 1836 974 1030 1022 678 1758 2250 1780 1964 1812 1122 1218 1590 1756 1384 1488 1504 1620 1458 1296 1616 1680 1968 1852 1018 1596 1398 1996 2144 1120 912 1746 1396 944 974 1096 830 706 1562 1544 1530 1994 1548 1730 1400 984 1532 1584 1996 1974 1218 1710 1942 2402 2208 1676 1746 1242 1764 2400 1318 1588 900 1356 1720 1734 1272 984 1526 1694 
1940 1956 2076 2070 1922 1174 1666 964 340 978 1664 1536 1388 2046 1582 1270 2002 1380 2030 1862 1220 844 1826 1696 1570 1740 1170 1678 1274 1372 1676 1518 1388 1064 1460 1514 1568 1878 1754 2090 1022 1498 1526 1130 1382 1586 978 2212 2566 1738 1590 1798 1278 1544 1030 1504 1514 1916 1862 1736 1130 1188 1854 1470 912 1258 1670 1358 2120 1802 1810 1228 1196 1116 472 1414 1452 1430 1654 2120 2326 2684 1680 1620 1952 2172 2266 1690 2028 1756 1492 1758 1168 1922 1804 2018 1556 1398 1358 1794 
2180 1722 1296 1660 1794 1806 1108 536 1022 722 1172 1094 1092 1554 1040 1700 1514 2040 1844 2762 2438 1576 1236 1242 1722 2578 2096 1828 1380 1804 1352 1314 1338 2102 1656 1192 1184 1478 2122 1740 2094 1764 1174 1588 1550 2004 1304 1284 1376 1492 1086 1608 1900 1824 1538 1326 1496 2068 2060 2664 1822 1368 1370 1142 1910 1662 1530 1812 2088 2040 2326 2010 1850 1876 898 1218 956 1894 1340 1648 1918 1860 1630 1440 1846 1778 1562 1960 988 1324 2276 1760 1440 1588 1218 1644 1340 684 976 914 
1998 2442 2346 1562 1078 624 746 1322 1458 1148 1012 1148 1470 1798 2088 1710 710 1506 1476 1622 1494 1092 1204 1340 1430 1194 1858 2426 1776 1454 1782 1680 1244 1738 2230 2120 1878 606 1412 1230 1638 1548 1664 2358 1164 1190 1976 2162 2364 1782 1508 1868 2124 2110 1756 882 1578 2390 1952 1558 1896 1642 1602 1864 1626 2142 1928 1954 1612 1890 1946 2514 2306 1576 1056 1520 1550 1842 1276 2226 2078 1888 1894 1536 1642 1482 1822 1766 1782 1490 1774 1594 1854 1132 1486 788 1700 1802 1666 1194 
1248 1156 1250 1612 2208 1650 1430 1398 1178 1098 1500 1330 1632 1716 1650 2012 1500 966 1388 2020 2070 2154 1450 948 1388 1356 1260 1696 2452 1890 1714 1204 1208 1878 1272 2164 2330 1186 714 1404 1896 1420 1594 962 1762 2036 1398 1410 1480 1694 2244 1476 1790 1840 2006 2214 1724 1308 2046 1936 1572 1702 2264 1774 1902 1328 1768 2418 1730 2110 2106 1764 1706 1790 1824 1064 622 1482 1392 1514 1030 2022 1624 1072 1432 1150 1994 1530 2186 1108 654 1696 2324 880 1756 1198 1164 1228 1274 880 
906 902 1624 1482 866 1268 1498 1114 1522 1588 992 1054 1276 1140 1636 1836 1476 1214 798 1532 1316 1236 1436 2022 1670 1606 792 1326 1582 1492 1686 1826 1568 1684 1182 1062 1058 1300 1244 1156 1710 1752 1144 1702 1764 1782 1762 1774 1246 1084 1696 2148 2410 2166 1892 2058 1674 1482 1384 982 1276 988 1522 1136 1596 1558 2072 2350 2172 2026 1656 1114 1786 2172 2022 1516 1790 1368 996 1748 1750 1268 1378 1804 1316 1250 1832 1622 1960 1604 1818 2020 1782 1530 1374 1146 1258 730 1604 1488 
1004 1424 1482 1184 1876 1528 1256 1862 1368 1234 1184 1134 882 1010 2218 2030 2006 1634 1024 1520 1774 1466 1616 1932 1300 1618 2016 968 906 1476 1106 1358 1778 640 1796 1556 1350 1628 1626 1024 1334 1962 1374 1578 1476 2168 2114 1710 1646 1292 1196 1336 2212 1982 1564 1374 1568 1602 1376 2082 1170 648 1488 1588 2124 1556 2002 1590 1626 1690 1868 2488 1658 702 1280 1462 1242 1506 1960 1108 1308 1148 1448 1500 982 1676 1696 1432 1604 1858 1504 988 1574 1642 1582 1542 1750 1040 1410 1520 
1106 1262 2046 1976 2204 1190 1496 2094 1846 1738 1194 1408 1300 1336 1230 1280 2000 848 1536 1654 1186 1548 1408 2044 2624 1432 1720 1720 1386 1466 1760 1718 1804 1510 1948 1514 1680 1276 1112 950 1698 2114 1988 1068 1454 1410 1278 1226 1434 1164 682 1710 1840 1712 1992 1548 2284 2140 1430 1062 1038 1138 1422 1418 1646 1618 1986 2072 2652 1868 1278 1820 1768 1640 1274 1396 1492 1520 1486 1280 1382 650 1338 1130 1832 1724 1766 1846 1826 1602 1900 2072 1840 1044 1298 1160 1814 1982 1514 862 
1014 1550 2332 2086 1820 1372 1116 402 1422 2336 1840 730 1524 1950 1132 1370 1144 1828 1692 1602 1734 1246 1162 646 1578 1580 1440 914 1458 1404 1698 1704 1446 2466 1922 1210 1774 1692 1872 1702 1070 1190 2462 1918 1648 2278 2194 2298 2020 2016 1888 1700 2010 1994 1936 1756 1734 1832 2060 1784 1908 1626 1196 1084 1500 1736 1558 1880 1748 1590 1298 1036 1862 1990 1796 766 1234 1846 2114 1852 1150 910 1278 1534 2474 1408 1800 2184 1820 1518 1606 1432 2218 2272 1136 1076 2554 1514 1668 1818 
960 990 1678 1540 2358 2516 1846 1298 1186 1268 2116 2270 1924 1554 1944 2280 1500 1830 882 1180 1938 1692 1162 1138 1694 1904 2098 2138 1688 1118 1208 1900 2042 2370 2446 2100 1918 1534 1530 1248 2412 2028 1628 1526 1400 1826 1138 1206 1494 1684 2136 1646 1364 1906 1554 1156 1524 1696 1070 1790 1780 1672 1616 1584 1736 1538 1720 1986 1760 1444 2432 1596 1474 1092 1812 1594 1992 1582 1764 2000 1532 1120 750 606 1476 2272 2178 1742 2550 2150 2174 2236 1572 1976 1930 1512 1132 1588 2340 2164 
898 1366 1700 1374 1518 2298 1730 1758 1014 642 1472 1792 1676 1856 1314 1342 1536 1204 1544 1412 1560 1540 936 1602 1298 1034 916 1616 1266 1918 1462 1648 1980 2166 2504 2082 2246 1140 1500 1826 1448 1220 1278 2006 1236 1296 1854 1934 1818 2206 2154 2074 2162 1740 1576 1578 1240 1140 978 1374 1028 832 1674 1746 1192 530 1290 1516 1982 1594 1720 1096 1138 1200 2260 1844 1942 1878 2068 2234 1496 724 920 600 974 916 1392 1334 1264 1902 2008 2188 1028 1548 856 1594 1820 1840 1804 1778 
1508 856 824 1944 1594 1452 1340 1534 1500 1172 1246 1344 1678 1564 1932 1784 1510 1238 1262 1484 1384 892 1910 908 776 1840 1614 1720 1968 1620 910 1526 1686 1672 1762 1892 1948 2126 2434 1602 1722 2178 1600 1424 840 1212 1464 1688 964 1510 1504 2012 1794 1816 1726 2212 818 806 666 1074 1176 1268 1222 844 1474 1906 1736 1366 1790 1636 1192 1720 1396 1228 1640 1564 1734 1938 1948 1864 1516 1550 1528 1328 1496 1118 1354 1676 1400 1752 1720 1904 1400 1048 1180 1590 1360 1490 1434 856 
2018 2052 994 1134 1708 2178 2236 1496 1562 1628 1410 780 1388 600 928 676 1556 1564 894 1016 1256 1460 1456 958 1502 1934 1758 1062 1540 1892 2518 1468 1422 1746 1568 1538 1394 1510 2272 1502 1902 2020 2172 934 1080 1608 1096 1314 1662 2206 1690 2084 1464 1880 1336 1996 1632 1084 1138 1650 1468 1212 978 1622 2008 2006 1564 1500 1442 1284 932 1562 2002 1046 926 1718 2154 1402 1662 1748 1804 2258 1420 1326 1530 1900 1666 1352 1692 860 1718 1422 1590 1304 996 1284 1460 780 1238 1288 
2134 1324 766 1012 1086 1494 1358 1036 1280 1892 1932 1966 2082 820 790 928 1618 1714 1272 530 1354 1810 1198 1336 1814 1600 2180 1558 1894 1616 1678 902 1224 1622 1774 658 1536 1904 1724 2074 2102 1030 1450 1052 1876 1774 1640 2004 1356 782 1168 1148 1656 2372 1424 1994 2424 2330 1540 970 1512 2094 1088 1058 972 1816 2378 2138 2076 1848 1910 1214 1268 1546 1610 1380 1850 1298 2032 2002 1650 1562 1502 1822 1536 1544 2396 1586 1444 1604 1064 900 1422 850 1344 1086 1456 1522 1486 1366 
2466 2068 1486 1378 998 1604 1498 2428 1606 936 1526 1986 1704 1354 1006 800 1268 1348 1206 996 1522 1392 1122 1130 1320 1988 2678 2422 2104 1962 1816 1994 1836 906 1492 1786 1400 1822 2054 2226 1312 1128 1518 1628 2002 1398 1608 1744 1816 2520 1664 1626 2210 1874 2210 1806 1144 1964 1246 1232 1512 1556 1564 1482 1194 1784 2208 1688 1504 1890 1730 992 996 1550 1594 1458 1472 1214 1606 1440 1794 2538 2288 2386 1768 1734 2024 2442 1932 1752 2124 1222 1136 1134 1118 1514 1662 1112 1372 1714 
1790 2060 1386 408 1330 1636 2058 1368 1570 1946 2114 1504 1286 1394 1052 690 1346 1904 1306 1494 1006 1134 1882 1592 1314 1370 1656 1724 1896 1628 1890 1976 1196 1736 1796 1828 1852 1698 1918 1958 2166 2008 900 764 1004 1788 2328 1688 1284 1798 1486 1664 1912 2134 2124 1484 1462 1378 1608 1036 1252 1462 2052 2282 1428 1732 1382 1514 1872 1446 1444 1502 810 1226 1820 1884 1212 1380 1662 1524 1688 2066 1424 1928 2076 2012 1264 1678 1802 1598 1904 2178 1640 922 1942 1586 908 1720 1180 1068 
1476 1444 1900 1854 2136 792 1576 1732 2074 2054 1470 2104 1772 1434 1258 1430 1214 1580 2084 1348 568 1562 1638 1662 1634 1702 1408 1630 1862 2074 1732 964 1270 2176 1038 1850 1900 1910 2206 2136 1974 1622 1276 1120 1164 1888 2096 1548 1022 1938 2428 2420 2216 2758 2990 2296 2070 1498 1600 1146 1806 1136 1152 1976 1588 2294 1872 2026 1452 1646 1920 1318 1206 786 1124 1752 1258 1414 1810 1718 1834 1356 2422 2756 1530 1474 1632 1458 1634 2298 2104 2268 1740 1708 1792 1974 1356 1076 834 1536 
1562 1326 2194 1942 1916 1706 2082 1732 1090 1354 1320 1482 1582 1496 1216 2040 1610 1396 1822 1450 1234 1266 624 1812 1464 2098 1272 966 1094 1698 1914 2212 1650 1752 1590 1672 1702 2208 1782 2072 2180 1686 1200 862 652 1086 1366 2086 1734 1626 1506 1878 2326 2668 2448 1908 1950 1518 1182 1002 1014 1398 1512 1636 1796 1608 1664 1566 1584 1672 2088 1508 1006 1524 1546 1770 1990 1642 1182 1806 2426 1726 1774 1474 1754 2236 812 1002 1072 1236 1504 1700 1774 2016 1202 1914 2270 1264 1288 2058 
1022 1494 2656 2098 2346 1636 1354 1320 2258 1308 1788 2180 1536 1448 1840 1666 1890 1694 1480 2260 2414 1274 1124 1566 1312 1550 862 1750 1270 1648 1828 1340 1510 1350 1264 1000 1472 2248 1284 2094 1366 1934 1258 1180 1814 1672 1404 1900 2540 1918 2144 2188 2434 2016 1812 1882 1910 1942 1450 1496 768 1154 1368 952 1772 2026 1626 1942 1680 1278 2282 1628 740 1360 1982 2034 2046 1532 1634 1466 1368 1896 1362 1948 1972 966 1062 996 1128 1676 1730 1504 1862 1394 1018 2052 1738 1574 1136 932 
1364 1822 1890 1782 2310 2072 1548 1614 1630 1248 1356 1184 1970 1578 1356 1986 1970 1518 1060 770 1614 2030 1650 1088 1432 1094 1300 2036 1094 1394 1672 2424 1802 2116 1580 1122 1316 2394 2032 2004 1810 1536 1056 1558 1188 1782 2304 1984 2472 2004 2302 2248 1950 2332 1884 1868 1406 756 1154 1110 1478 1100 892 456 1394 1786 1644 1456 1898 1834 1898 2294 1518 716 1178 1612 2070 2020 2176 1922 1350 1898 1650 1788 1386 880 880 422 816 976 928 1410 1232 1170 1204 1494 1126 1922 1630 1368 
846 984 1828 2026 1268 1220 1024 1352 2334 2674 2080 2002 1622 1546 1298 1208 1338 1572 1656 2042 1918 1628 1596 920 1154 1888 1662 1520 1426 1634 1476 1534 1160 2018 1092 1306 824 810 2054 2102 1622 2450 1752 1434 1374 1994 2238 2038 2014 2374 2370 1672 1198 1446 1770 984 1908 2228 1570 684 1194 1522 1164 1186 1522 1196 2218 1362 738 1808 2162 1840 1886 1262 1104 1496 1498 2242 1774 1920 1664 1638 1424 2180 1176 1810 1544 1386 1704 1326 1350 1470 1632 1960 2312 1546 1268 2032 868 1110 
1606 2030 1502 1436 1852 1018 1390 1546 1406 1634 1420 1868 2080 2362 2048 1426 1066 1802 1222 2066 1670 1248 2272 1818 914 1514 1494 1730 1634 1260 1608 1256 2020 1480 1472 1834 888 1600 1364 1282 1894 2210 1672 1452 1970 1840 2074 2060 1426 1332 1786 1642 2778 1452 1128 896 1356 2008 1128 1198 1094 1680 1288 1388 864 1214 1556 1404 1354 1512 1892 1740 1810 1650 1274 1124 1988 1820 2222 2764 1934 2290 1328 1208 1804 2242 1162 1762 1224 1146 1056 882 1494 1372 1892 1556 1434 2430 1492 1366 
1712 1422 2054 1772 1098 1610 1300 782 1356 1990 1314 1090 1268 1598 1976 2248 1768 1198 1720 2166 2322 1516 1080 1386 1814 1332 1970 1818 1578 1622 1870 1994 2038 1530 2200 1622 1676 1668 1924 1400 1882 1770 2318 2130 1738 1632 1366 2356 2460 1254 1590 1492 1154 1070 1292 1556 1992 2138 2110 1654 1056 1680 1490 2002 1678 2124 1466 2274 1518 348 1422 1822 2218 1714 2050 1462 1170 1884 1972 2286 2002 2170 2182 1756 1688 1596 1350 2272 2424 2342 1818 1944 1650 1388 1180 1764 1870 1236 1564 1818 
1824 1936 1994 2010 1340 1206 1740 2086 1498 916 1152 1046 1416 1738 1842 1552 1872 2158 1934 1662 2124 1702 876 946 1154 1654 2354 1806 1434 720 998 1836 2134 1944 2066 2052 2488 1248 1238 1572 2100 1520 2366 2002 1594 2344 2128 1834 1938 1768 1658 1238 1416 1258 1342 1382 1428 1814 2282 1990 650 1172 1272 1634 974 1722 1630 1290 1088 1326 1562 1564 2158 1778 2440 1774 1508 2032 1364 1546 1310 1960 1876 1538 1434 1230 1918 1212 1552 2152 1260 1358 1330 1850 1688 1028 946 1406 2044 2304 
1602 1600 1336 1638 1796 802 1404 2084 782 1520 1672 1034 1162 1148 1328 1808 990 1460 1822 1792 1958 1890 1080 1234 1902 1902 1156 1606 2374 1862 1694 1966 1452 2092 1816 2218 2634 2358 2108 1672 1916 1490 1890 1660 1806 2048 1906 1606 1808 2062 2220 1640 1508 1108 1246 1630 1286 1230 2012 2382 2150 1888 1340 2256 1758 1854 1838 1396 1712 1268 1014 816 2112 1574 1908 2148 1692 1296 1770 1512 1482 1510 1140 2074 2124 2198 2162 1356 1252 1828 1896 2092 1920 1724 630 1176 1626 1734 1548 1768 
2088 1706 820 1510 1416 1810 628 1164 1964 1998 1010 1314 1574 1624 2088 1690 1606 1870 2144 2480 1960 2026 1868 424 1342 1834 1896 2152 1414 1502 1202 1830 1596 2234 1878 1888 1350 1498 1614 1420 1428 2368 1862 1792 2198 1862 1942 1412 872 1668 1258 2322 1792 782 832 1076 2100 1842 2008 1268 1982 1862 1080 746 1542 1870 1124 1246 1498 1692 1172 1466 1134 1180 2432 1970 2040 1606 1834 1952 1212 1100 1186 1200 838 1880 1508 1532 1716 1488 1704 2354 1060 1470 1258 940 858 904 1196 1348 
1960 1834 1602 1406 604 1352 1568 1378 1374 956 1318 1528 1552 1344 1906 1328 2162 1052 1600 2614 2042 1762 1782 1152 1104 1480 2062 1998 2102 2422 2032 1150 1208 1860 1474 2464 1926 2292 1474 818 982 1580 2090 1662 1838 1396 1504 1434 922 1830 1744 1804 1716 2136 1472 586 858 642 1016 1646 1726 1354 2446 1882 1388 1790 2318 2024 764 1408 1522 1832 1948 1540 1436 1428 1892 1734 1232 1574 1120 1302 1128 1454 1336 1932 1772 1700 2128 1692 1418 2026 1968 2140 1328 1608 1636 1544 1658 1964 
1822 1924 1586 1560 1828 1540 1876 2166 1814 1380 1662 1844 1858 1654 2250 1986 1634 1464 2076 1940 1724 1960 1298 1394 1008 1588 1924 1672 2050 1416 1854 1774 884 1552 2218 1806 1574 1184 1612 1420 1814 1766 1868 1732 2314 1278 1922 1922 1400 1332 646 1866 2020 1728 1564 914 1178 1452 1170 1778 1726 1430 1890 1304 1608 1944 2080 1882 1300 1084 1108 2002 1392 1778 1630 1338 1858 1688 1436 2160 1662 1860 1412 1206 578 772 802 1308 582 1500 2286 1830 1542 1940 1660 1090 1274 1630 1020 1060 
1822 1562 1716 1120 1678 1952 1114 1740 1642 1542 918 582 1182 1632 1634 1942 1238 1654 1082 976 2004 1862 1374 1540 1410 1114 1142 1188 1470 2434 2508 1868 2010 1452 2000 1774 1670 1410 1826 1128 666 1208 1738 1728 1444 1446 1418 972 1806 2104 2256 1820 1554 1438 1666 2052 902 532 1356 1304 1564 1758 836 1768 1952 2262 2416 2770 1942 1272 1054 1752 1562 2552 1748 1402 1162 1708 1976 950 1072 1228 1054 1488 1362 1104 1702 2120 1868 1920 1804 1912 1722 1350 1434 2438 2102 1458 1532 676 
1532 1774 2182 1636 794 1294 1682 1642 1700 1776 1548 1536 1350 1512 1246 1742 2200 1832 1472 1380 992 1234 1734 2082 1418 1572 1896 1792 1536 1872 2032 2378 2318 1524 1776 1274 1980 1498 996 1402 2002 1418 1650 2024 1532 1576 1348 1334 2188 1898 1370 1082 1916 2194 1866 1474 1468 924 1326 1690 2054 2546 1692 1312 1086 936 1868 2676 2274 2120 1462 1418 1352 2328 1602 1648 1820 1752 1926 1106 1196 1068 1248 1660 1668 1436 968 946 1406 1674 2076 2016 1406 1260 1470 1786 1972 1496 1950 1990 
2138 2530 1888 2408 1844 1576 2224 1706 1726 1378 794 972 732 1134 1396 2026 1664 1850 1630 1408 1146 1136 1662 2456 2178 2266 1830 1276 1418 1860 2768 2516 2378 2060 1928 1798 1712 854 1280 1156 1292 1026 1138 1432 2306 1688 1418 1384 1178 1622 2442 1490 1622 1282 1684 1882 2232 1978 1472 1750 1744 1018 1360 1492 1254 1246 1472 1206 1544 2182 1394 1796 1560 916 2108 2128 1416 1452 1692 2648 1312 620 1318 1246 1228 2048 1926 2078 2066 2470 1618 1734 2118 1530 562 1158 1944 1610 1504 1594 
1230 1686 1696 1368 1746 1722 1492 1494 1632 1262 1600 1516 1094 940 1098 1446 1284 1994 2334 1868 1214 1152 640 1668 1752 1514 1640 1890 1488 1226 2492 2376 2408 2060 1442 1584 834 1686 2036 1400 1306 1882 2166 1538 1728 1782 2412 2348 1684 2186 1752 1622 2026 1868 2612 1644 1314 1594 1824 1848 2054 2000 1668 1074 1140 1510 414 1288 2272 1974 1642 1468 1620 1348 1358 1792 1510 1778 1534 826 878 782 938 1440 1654 1160 1150 1792 1678 1960 1892 1712 884 1716 2216 2016 1498 1406 1448 860 
1250 1026 2126 1990 1072 1486 1742 1876 1914 1672 2284 1316 1060 952 1496 1660 1448 1812 1544 1414 1456 1440 1444 1378 1326 2408 1666 1608 2402 1680 1754 2532 2458 1632 1086 1268 1582 2074 1286 1662 1676 1324 1156 1502 1624 1922 1552 2100 1388 1582 1678 1782 1424 1574 2144 1470 1728 1828 2414 1754 1924 2264 1112 1552 1462 2244 2048 1472 1164 1390 2092 1652 1388 1748 1866 1556 1740 1660 1622 1672 1768 1780 1068 854 2012 1990 1238 1112 1746 1650 1842 1768 820 1186 1346 1294 1768 1548 734 946 
1766 1916 2034 1556 872 1074 1208 1476 1268 1614 1700 1650 1626 1022 854 1428 2264 1568 1118 1608 1176 892 1234 864 980 706 944 1680 1318 1226 1404 1388 1974 2326 1812 1472 1250 1026 1310 2010 1428 2156 1702 1448 1600 2384 1352 1764 1880 1960 2082 2156 2246 2106 2110 2014 1278 1134 1174 1928 2420 1734 1024 2172 1254 850 1322 1420 1394 1990 1700 1268 2054 1680 1838 1464 2456 1986 1522 1826 818 706 1124 1708 1102 1252 1222 1366 1598 1238 1746 1280 972 1066 1408 1532 1178 1736 1742 1666 
2478 2578 1592 2106 2130 1012 1174 1634 1192 1904 1730 1992 2176 1762 1174 1692 1694 2028 1276 954 660 1128 1946 1096 820 1208 2290 2080 1232 1288 1656 1364 1246 1198 1776 1592 532 1908 2168 2162 1880 1788 1202 1090 730 1468 1310 1678 1352 1554 1154 1314 1166 1444 1858 2266 1864 1658 1672 2246 1518 1750 2120 2352 1790 2344 2076 1862 1450 2174 2034 1904 1122 1564 2330 2108 1282 1262 918 1738 2256 2146 2064 1594 1830 1940 1384 1230 1360 1938 2114 1332 1466 864 788 1486 1230 1366 1670 1682 
1966 1658 1942 2592 1688 1200 744 844 1436 1184 1402 2264 1096 1076 944 1498 2338 2080 2242 1158 1030 1512 1902 1722 1670 1366 1306 1470 1984 1776 624 870 1672 822 1002 1228 1102 1056 942 1988 1884 1786 2162 2004 1394 2076 1972 1640 1470 770 1538 1486 1260 1588 1388 1640 1590 1000 1276 2096 2014 2144 1816 1012 1228 2232 1372 1538 2096 2454 1706 2424 1934 1450 1342 1718 1564 2076 1424 1600 1778 1968 1956 1978 2190 1282 1526 1332 952 2084 2274 1662 1834 1122 942 1284 1156 828 1358 1686 
1448 1558 1934 1820 1522 1702 1916 1546 1480 1442 1530 1356 1548 1504 1760 1878 2314 2254 1828 948 1196 1292 1168 1990 1956 1344 1662 2400 2022 1078 1490 1334 972 1254 1692 1602 1412 922 982 1364 1958 1984 1604 956 1250 1304 1844 1662 1782 1188 1406 1396 1466 1106 1492 2502 1670 1852 2036 1978 2090 2124 1970 2474 2248 2092 2198 2602 1684 2168 2338 2662 2420 2258 1440 1030 1444 1380 758 910 1438 1600 1472 1826 1682 1860 1922 1288 1738 1414 1514 1832 1826 1904 1928 1194 1702 1268 1176 1060 
1248 1576 1218 924 1418 934 1144 1974 1790 1054 1464 1348 1518 1272 1132 1046 1608 2548 2086 1406 1066 1144 2102 2138 2080 2266 2124 2116 1820 1588 1514 1484 2098 1916 1112 1466 1646 1466 1486 1182 1002 1596 1592 1210 1582 1236 1238 1578 1642 1874 1378 1654 1568 1800 1504 2032 1722 1906 1056 2036 1614 1732 1778 2116 1572 1640 2300 2706 1806 1856 2078 2600 2072 2410 2010 1752 1200 700 1632 1196 892 1218 962 1616 2316 2006 1508 1088 1610 1496 2386 2018 2262 1844 1386 1166 2112 1604 1774 676 
1514 1282 1806 2124 1958 1046 1230 1798 2344 2280 1484 1312 1552 1522 1774 998 1530 1476 2278 1900 796 1116 2078 1700 1848 2090 1712 1980 1598 1514 1252 988 1574 1094 1716 2394 2014 1486 1512 1538 1552 1426 1012 1336 1494 1578 1708 1746 1376 1490 1576 1716 1866 2138 1778 2020 1682 1936 1312 1360 1612 1494 1550 2090 1894 1836 1830 1848 1960 1832 1268 1986 2018 2008 1626 1738 1226 1002 1294 932 1610 1402 882 722 928 1280 1478 1226 1904 1742 2260 1548 1554 2024 2344 2036 1708 2060 2102 1646 
738 1392 1652 1362 1602 1736 1422 1100 1834 1662 2270 1864 1788 1814 1152 1328 1608 1422 1234 1674 1902 1858 1482 2038 2274 2374 1870 2008 2222 1320 1120 976 2020 1742 1744 2214 1888 1846 2538 1574 1596 1672 1988 1804 1280 1536 1672 1452 1854 2014 1506 1010 1496 1312 1670 1540 1482 1644 1940 1544 868 1102 972 1526 2130 2140 1618 2652 2138 1480 1374 2124 1716 1912 1922 1714 1300 1504 1166 1316 1376 2010 1152 974 590 1898 1744 1562 1124 1484 1536 1784 1484 1354 2094 1570 1422 1612 1982 2622 
1708 1598 1368 1360 1296 1592 2240 1670 1176 1800 1348 1740 1618 2066 2230 2080 1648 1476 2042 1966 2256 1592 1134 2084 1710 1440 2030 1580 1284 1466 1786 1520 1554 1152 1066 790 1644 1838 1386 1960 2080 1410 2330 1714 1422 2296 2462 2042 1954 2170 2394 1944 1766 1230 1718 1350 1858 1470 1648 2206 1590 1096 1450 950 1474 2334 2060 2102 2274 1814 1208 896 1008 1682 1248 1828 1810 1416 604 946 808 1792 1726 1610 1118 894 668 1462 712 1726 1944 2138 1768 1856 2004 1716 2672 1928 1868 830 
1408 1498 1066 1320 768 1386 1890 1918 1066 1440 1172 1744 1708 1894 2224 2128 2086 2026 2172 2050 2260 2036 1630 1650 1562 1528 1748 1502 1546 1344 1654 1660 1944 1410 1316 796 1260 1508 1362 2190 1864 1760 2200 2078 1966 1986 2414 2156 2166 2250 2498 2086 1674 1302 1382 1238 1670 1480 2060 2234 2058 1426 1364 1114 1442 1974 2524 2418 2624 2108 1534 950 936 1264 1296 1894 2044 1422 1142 618 862 1422 1756 1716 1174 914 980 1358 956 1280 1508 1782 1774 1842 2024 1906 2288 1992 1852 964 
