ExecutionID,OrderID,Timestamp,ExecutedVolume,FinalPrice,Commission
1,725000001,2026-01-30 15:47:16,17.34,104.83,9.09
2,198000001,2026-01-30 15:47:16,76.69,116.77,44.77
3,121000001,2026-01-30 15:47:17,36.63,108.08,19.80
4,725000002,2026-01-30 15:47:17,53.18,111.15,29.55
5,121000002,2026-01-30 15:47:17,20.02,105.13,10.52
6,406000002,2026-01-30 15:47:18,50.21,115.78,29.06
7,725000003,2026-01-30 15:47:18,58.51,105.29,30.80
8,198000003,2026-01-30 15:47:18,85.80,102.56,44.00
9,121000003,2026-01-30 15:47:19,24.08,121.09,14.58
10,542000004,2026-01-30 15:47:19,60.44,101.88,30.79
11,406000003,2026-01-30 15:47:19,61.18,112.44,34.39
12,725000004,2026-01-30 15:47:19,95.27,115.78,55.15
13,198000004,2026-01-30 15:47:19,39.46,102.56,20.24
14,121000004,2026-01-30 15:47:20,31.30,110.81,17.34
15,406000004,2026-01-30 15:47:20,46.73,104.12,24.33
16,725000005,2026-01-30 15:47:20,97.61,108.84,53.12
17,198000005,2026-01-30 15:47:20,71.21,110.81,39.45
18,121000005,2026-01-30 15:47:21,87.91,121.11,53.23
19,542000006,2026-01-30 15:47:21,56.91,110.81,31.53
20,406000005,2026-01-30 15:47:21,90.26,117.07,52.83
21,725000006,2026-01-30 15:47:21,39.73,119.37,23.71
22,542000007,2026-01-30 15:47:22,80.46,110.65,44.52
23,725000007,2026-01-30 15:47:22,54.39,109.95,29.90
24,121000007,2026-01-30 15:47:22,97.49,101.46,49.46
25,542000008,2026-01-30 15:47:23,68.33,110.65,37.80
26,406000007,2026-01-30 15:47:23,58.81,104.00,30.58
27,725000008,2026-01-30 15:47:23,36.41,122.06,22.22
28,198000008,2026-01-30 15:47:23,24.30,122.06,14.83
29,542000009,2026-01-30 15:47:24,91.55,124.13,56.82
30,406000008,2026-01-30 15:47:24,10.59,122.84,6.51
31,725000009,2026-01-30 15:47:24,50.50,119.29,30.12
32,198000009,2026-01-30 15:47:24,22.40,111.65,12.50
33,121000009,2026-01-30 15:47:25,47.24,124.13,29.32
34,542000010,2026-01-30 15:47:25,80.00,109.52,43.81
35,406000009,2026-01-30 15:47:25,58.54,111.65,32.68
36,725000010,2026-01-30 15:47:25,15.93,114.09,9.08
37,198000010,2026-01-30 15:47:25,44.51,111.49,24.81
38,121000010,2026-01-30 15:47:26,43.78,112.08,24.53
39,406000010,2026-01-30 15:47:26,78.55,112.41,44.15
40,725000011,2026-01-30 15:47:26,11.61,118.81,6.90
41,121000011,2026-01-30 15:47:27,14.44,112.41,8.12
42,542000012,2026-01-30 15:47:27,36.09,118.95,21.47
43,406000011,2026-01-30 15:47:27,80.68,100.58,40.57
44,725000012,2026-01-30 15:47:27,63.84,105.31,33.61
45,198000012,2026-01-30 15:47:27,62.45,109.17,34.09
46,121000012,2026-01-30 15:47:28,39.40,103.98,20.48
47,542000013,2026-01-30 15:47:28,42.95,112.46,24.15
48,406000012,2026-01-30 15:47:28,24.84,105.55,13.11
49,725000013,2026-01-30 15:47:28,75.43,114.56,43.20
50,198000013,2026-01-30 15:47:28,43.78,114.56,25.08
51,121000013,2026-01-30 15:47:29,23.39,124.91,14.61
52,542000014,2026-01-30 15:47:29,21.47,112.46,12.07
53,406000013,2026-01-30 15:47:29,15.51,112.46,8.72
54,725000014,2026-01-30 15:47:29,59.59,102.36,30.49
55,198000014,2026-01-30 15:47:29,15.35,121.29,9.31
56,121000014,2026-01-30 15:47:30,53.49,112.55,30.10
57,542000015,2026-01-30 15:47:30,18.27,114.12,10.42
58,198000015,2026-01-30 15:47:30,58.93,120.05,35.37
59,121000015,2026-01-30 15:47:31,18.94,122.81,11.63
60,542000016,2026-01-30 15:47:31,70.96,104.92,37.23
61,406000015,2026-01-30 15:47:31,63.32,100.41,31.79
62,725000016,2026-01-30 15:47:31,59.83,122.81,36.74
63,198000016,2026-01-30 15:47:31,22.13,122.81,13.59
64,198000011,2026-01-30 15:47:32,30.35,107.32,16.28
65,542000017,2026-01-30 15:47:32,81.43,107.84,43.91
66,406000016,2026-01-30 15:47:32,32.56,122.69,19.97
67,725000017,2026-01-30 15:47:32,20.89,108.11,11.29
68,198000017,2026-01-30 15:47:32,57.11,114.04,32.56
69,121000017,2026-01-30 15:47:33,84.66,102.67,43.46
70,542000018,2026-01-30 15:47:33,45.25,107.32,24.28
71,406000017,2026-01-30 15:47:33,49.34,122.69,30.27
72,725000018,2026-01-30 15:47:33,48.60,120.72,29.34
73,121000018,2026-01-30 15:47:34,74.47,112.52,41.90
74,542000019,2026-01-30 15:47:34,34.19,122.71,20.97
75,406000018,2026-01-30 15:47:34,37.98,114.03,21.66
76,725000019,2026-01-30 15:47:34,88.36,102.13,45.12
77,198000019,2026-01-30 15:47:34,54.22,121.00,32.80
78,542000020,2026-01-30 15:47:35,34.94,114.90,20.08
79,725000020,2026-01-30 15:47:35,38.82,102.13,19.82
80,542000002,2026-01-30 15:47:35,71.54,126.83,45.37
81,121000020,2026-01-30 15:47:35,42.75,115.60,24.71
82,542000021,2026-01-30 15:47:36,97.32,110.09,53.57
83,406000020,2026-01-30 15:47:36,23.17,122.80,14.22
84,725000021,2026-01-30 15:47:36,27.56,106.53,14.68
85,198000021,2026-01-30 15:47:36,37.96,101.02,19.17
86,542000022,2026-01-30 15:47:37,66.91,122.80,41.08
87,406000021,2026-01-30 15:47:37,86.21,114.34,49.29
88,725000022,2026-01-30 15:47:37,92.48,115.60,53.45
89,198000022,2026-01-30 15:47:37,56.06,105.21,29.49
90,198000020,2026-01-30 15:47:37,66.93,101.64,34.01
91,542000023,2026-01-30 15:47:38,62.92,108.95,34.27
92,406000022,2026-01-30 15:47:38,20.10,110.45,11.10
93,725000023,2026-01-30 15:47:38,93.21,101.49,47.30
94,121000023,2026-01-30 15:47:39,55.83,122.71,34.26
95,542000024,2026-01-30 15:47:39,69.51,110.13,38.27
96,406000023,2026-01-30 15:47:39,60.02,112.42,33.74
97,725000024,2026-01-30 15:47:39,29.27,108.95,15.95
98,198000006,2026-01-30 15:47:39,54.62,110.10,30.07
99,121000022,2026-01-30 15:47:39,47.53,100.77,23.95
100,121000024,2026-01-30 15:47:40,68.80,111.38,38.31
101,542000025,2026-01-30 15:47:40,69.85,114.89,40.12
102,406000024,2026-01-30 15:47:40,33.54,106.52,17.86
103,725000025,2026-01-30 15:47:40,72.03,121.39,43.72
104,542000026,2026-01-30 15:47:41,85.84,108.51,46.57
105,406000025,2026-01-30 15:47:41,97.59,108.51,52.95
106,725000026,2026-01-30 15:47:41,55.77,122.66,34.20
107,198000026,2026-01-30 15:47:41,14.92,111.71,8.33
108,542000027,2026-01-30 15:47:42,32.63,111.17,18.14
109,406000026,2026-01-30 15:47:42,35.70,115.47,20.61
110,725000027,2026-01-30 15:47:42,98.83,128.11,63.31
111,198000027,2026-01-30 15:47:42,69.92,111.17,38.86
112,121000027,2026-01-30 15:47:43,88.29,120.93,53.39
113,542000028,2026-01-30 15:47:43,26.53,112.44,14.91
114,406000027,2026-01-30 15:47:43,33.76,100.19,16.91
115,725000028,2026-01-30 15:47:43,59.99,100.19,30.05
116,198000028,2026-01-30 15:47:43,51.62,106.44,27.47
117,121000028,2026-01-30 15:47:43,24.66,120.67,14.88
118,406000028,2026-01-30 15:47:44,90.53,108.79,49.24
119,725000029,2026-01-30 15:47:44,76.29,110.00,41.96
120,198000029,2026-01-30 15:47:44,45.12,120.67,27.22
121,121000029,2026-01-30 15:47:44,39.83,120.67,24.03
122,542000030,2026-01-30 15:47:45,76.25,105.14,40.09
123,406000029,2026-01-30 15:47:45,80.05,112.62,45.08
124,121000030,2026-01-30 15:47:46,99.38,100.26,49.82
125,121000021,2026-01-30 15:47:46,91.24,107.34,48.97
126,542000031,2026-01-30 15:47:46,25.37,127.73,16.20
127,406000030,2026-01-30 15:47:46,56.50,115.56,32.65
128,725000031,2026-01-30 15:47:46,66.85,106.56,35.62
129,198000031,2026-01-30 15:47:46,48.39,106.56,25.78
130,542000032,2026-01-30 15:47:47,10.54,128.60,6.78
131,406000031,2026-01-30 15:47:47,38.56,113.87,21.96
132,725000032,2026-01-30 15:47:47,25.78,113.87,14.68
133,198000032,2026-01-30 15:47:47,12.83,107.26,6.88
134,121000032,2026-01-30 15:47:48,43.25,124.17,26.85
135,542000033,2026-01-30 15:47:48,46.18,124.17,28.67
136,725000033,2026-01-30 15:47:48,87.74,107.41,47.12
137,198000033,2026-01-30 15:47:48,37.80,111.18,21.01
138,121000033,2026-01-30 15:47:49,43.36,120.47,26.11
139,542000034,2026-01-30 15:47:49,21.94,111.61,12.24
140,406000033,2026-01-30 15:47:49,32.70,128.83,21.06
141,198000034,2026-01-30 15:47:49,26.79,111.18,14.89
142,121000034,2026-01-30 15:47:50,84.41,119.75,50.54
143,542000035,2026-01-30 15:47:50,17.33,115.04,9.97
144,406000034,2026-01-30 15:47:50,81.27,112.89,45.87
145,725000035,2026-01-30 15:47:50,12.46,128.22,7.99
146,121000035,2026-01-30 15:47:50,59.02,111.67,32.95
147,542000036,2026-01-30 15:47:51,97.26,115.04,55.95
148,406000035,2026-01-30 15:47:51,10.32,110.34,5.69
149,121000036,2026-01-30 15:47:52,14.34,122.55,8.79
150,542000037,2026-01-30 15:47:52,76.71,116.51,44.69
151,406000036,2026-01-30 15:47:52,95.50,100.80,48.13
152,725000037,2026-01-30 15:47:52,35.00,119.21,20.86
153,198000037,2026-01-30 15:47:52,89.73,119.21,53.48
154,121000037,2026-01-30 15:47:52,55.16,116.51,32.13
155,542000038,2026-01-30 15:47:53,49.81,100.87,25.12
156,406000037,2026-01-30 15:47:53,67.00,107.72,36.09
157,725000038,2026-01-30 15:47:53,39.98,100.87,20.17
158,198000038,2026-01-30 15:47:53,64.52,109.26,35.25
159,121000038,2026-01-30 15:47:54,34.35,106.74,18.33
160,542000039,2026-01-30 15:47:54,89.08,110.12,49.05
161,725000039,2026-01-30 15:47:54,14.87,117.42,8.73
162,198000039,2026-01-30 15:47:54,99.03,109.45,54.20
163,121000039,2026-01-30 15:47:55,73.74,110.12,40.60
164,406000039,2026-01-30 15:47:55,59.78,100.73,30.11
165,198000040,2026-01-30 15:47:55,29.56,110.12,16.28
166,121000025,2026-01-30 15:47:55,87.57,103.08,45.13
167,121000040,2026-01-30 15:47:56,47.92,130.33,31.23
168,542000041,2026-01-30 15:47:56,99.15,130.33,64.61
169,406000040,2026-01-30 15:47:56,57.36,111.25,31.91
170,198000041,2026-01-30 15:47:56,38.69,115.02,22.25
171,121000041,2026-01-30 15:47:57,96.48,110.71,53.40
172,542000042,2026-01-30 15:47:57,77.23,117.62,45.42
173,406000041,2026-01-30 15:47:57,64.31,117.62,37.82
174,725000042,2026-01-30 15:47:57,56.13,100.95,28.33
175,725000041,2026-01-30 15:47:57,94.32,109.71,51.74
176,121000042,2026-01-30 15:47:58,65.57,100.39,32.91
177,725000043,2026-01-30 15:47:58,50.92,116.56,29.67
178,198000043,2026-01-30 15:47:58,27.54,109.29,15.05
179,542000044,2026-01-30 15:47:59,32.86,110.88,18.22
180,725000044,2026-01-30 15:47:59,85.81,107.89,46.29
181,198000044,2026-01-30 15:47:59,55.79,100.39,28.01
182,121000044,2026-01-30 15:48:00,91.25,128.19,58.49
183,542000045,2026-01-30 15:48:00,16.42,119.13,9.78
184,406000044,2026-01-30 15:48:00,17.60,113.44,9.98
185,725000045,2026-01-30 15:48:00,91.65,113.44,51.99
186,198000045,2026-01-30 15:48:00,73.32,104.66,38.37
187,121000045,2026-01-30 15:48:01,70.38,121.94,42.91
188,542000046,2026-01-30 15:48:01,98.16,103.78,50.94
189,406000045,2026-01-30 15:48:01,95.79,128.19,61.40
190,198000046,2026-01-30 15:48:01,34.05,104.66,17.82
191,542000043,2026-01-30 15:48:02,70.96,98.54,34.96
192,121000046,2026-01-30 15:48:02,42.00,100.97,21.20
193,406000046,2026-01-30 15:48:02,73.12,111.90,40.91
194,121000047,2026-01-30 15:48:02,14.55,117.21,8.53
195,542000048,2026-01-30 15:48:03,43.96,111.65,24.54
196,406000047,2026-01-30 15:48:03,82.78,117.21,48.51
197,725000048,2026-01-30 15:48:03,87.70,111.90,49.07
198,198000048,2026-01-30 15:48:03,76.66,125.46,48.09
199,121000048,2026-01-30 15:48:03,94.79,124.97,59.23
200,406000048,2026-01-30 15:48:04,95.18,111.00,52.82
201,725000049,2026-01-30 15:48:04,55.41,110.92,30.73
202,121000049,2026-01-30 15:48:05,49.34,118.54,29.25
203,406000049,2026-01-30 15:48:05,30.00,104.47,15.67
204,725000050,2026-01-30 15:48:05,33.02,100.42,16.58
205,198000050,2026-01-30 15:48:05,52.25,110.92,28.97
206,121000050,2026-01-30 15:48:06,77.34,133.00,51.43
207,542000051,2026-01-30 15:48:06,32.18,133.00,21.40
208,406000050,2026-01-30 15:48:06,71.82,98.16,35.25
209,542000052,2026-01-30 15:48:07,93.30,98.16,45.79
210,406000051,2026-01-30 15:48:07,65.23,133.00,43.38
211,725000052,2026-01-30 15:48:07,97.95,123.00,60.24
212,198000052,2026-01-30 15:48:07,10.60,133.00,7.05
213,121000052,2026-01-30 15:48:08,51.87,99.48,25.80
214,542000053,2026-01-30 15:48:08,88.75,119.09,52.85
215,406000052,2026-01-30 15:48:08,80.98,123.85,50.15
216,725000053,2026-01-30 15:48:08,74.88,107.62,40.29
217,198000053,2026-01-30 15:48:08,91.00,109.13,49.66
218,542000054,2026-01-30 15:48:09,97.78,119.09,58.23
219,406000053,2026-01-30 15:48:09,82.91,107.62,44.62
220,725000054,2026-01-30 15:48:09,46.23,109.13,25.22
221,198000054,2026-01-30 15:48:09,28.22,111.78,15.77
222,121000054,2026-01-30 15:48:09,33.48,107.06,17.92
223,406000054,2026-01-30 15:48:10,26.62,109.88,14.62
224,725000055,2026-01-30 15:48:10,48.93,105.96,25.92
225,198000055,2026-01-30 15:48:10,80.71,107.06,43.20
226,121000055,2026-01-30 15:48:10,83.36,117.09,48.80
227,406000055,2026-01-30 15:48:11,84.58,98.07,41.47
228,725000056,2026-01-30 15:48:11,74.56,102.47,38.20
229,121000056,2026-01-30 15:48:12,47.19,107.27,25.31
230,542000057,2026-01-30 15:48:12,13.10,103.87,6.80
231,406000056,2026-01-30 15:48:12,49.29,122.29,30.14
232,725000057,2026-01-30 15:48:12,49.25,107.27,26.42
233,198000057,2026-01-30 15:48:12,63.62,105.70,33.62
234,121000057,2026-01-30 15:48:12,55.67,137.78,38.35
235,542000058,2026-01-30 15:48:13,85.61,117.70,50.38
236,406000057,2026-01-30 15:48:13,15.55,98.42,7.65
237,198000058,2026-01-30 15:48:13,27.43,105.70,14.50
238,121000058,2026-01-30 15:48:14,40.28,103.03,20.75
239,542000059,2026-01-30 15:48:14,87.78,121.91,53.50
240,725000059,2026-01-30 15:48:14,35.12,122.82,21.57
241,198000059,2026-01-30 15:48:14,10.88,97.21,5.29
242,542000060,2026-01-30 15:48:15,10.20,122.31,6.24
243,406000059,2026-01-30 15:48:15,43.12,103.03,22.21
244,198000060,2026-01-30 15:48:15,61.10,106.06,32.41
245,542000061,2026-01-30 15:48:16,93.11,119.17,55.48
246,406000060,2026-01-30 15:48:16,10.59,107.87,5.71
247,725000061,2026-01-30 15:48:16,92.44,105.76,48.88
248,198000061,2026-01-30 15:48:16,50.46,117.42,29.62
249,542000062,2026-01-30 15:48:17,89.04,106.52,47.42
250,406000061,2026-01-30 15:48:17,84.11,105.76,44.48
251,725000046,2026-01-30 15:48:17,85.55,120.82,51.68
252,121000062,2026-01-30 15:48:17,11.54,106.29,6.13
253,542000063,2026-01-30 15:48:18,32.90,112.41,18.49
254,406000062,2026-01-30 15:48:18,89.96,105.74,47.56
255,725000063,2026-01-30 15:48:18,92.31,120.82,55.76
256,198000063,2026-01-30 15:48:18,19.69,106.29,10.46
257,121000063,2026-01-30 15:48:18,17.00,122.19,10.39
258,542000064,2026-01-30 15:48:19,53.22,123.75,32.93
259,725000064,2026-01-30 15:48:19,77.84,122.13,47.53
260,198000064,2026-01-30 15:48:19,83.93,120.82,50.70
261,198000035,2026-01-30 15:48:20,37.42,103.82,19.42
262,121000064,2026-01-30 15:48:20,40.41,102.83,20.78
263,542000065,2026-01-30 15:48:20,21.74,102.83,11.18
264,406000064,2026-01-30 15:48:20,90.64,106.80,48.40
265,725000065,2026-01-30 15:48:20,18.41,97.74,9.00
266,198000065,2026-01-30 15:48:20,60.87,105.66,32.16
267,121000065,2026-01-30 15:48:21,76.36,105.74,40.37
268,542000066,2026-01-30 15:48:21,44.61,107.28,23.93
269,406000065,2026-01-30 15:48:21,97.68,105.74,51.64
270,725000066,2026-01-30 15:48:21,27.65,105.66,14.61
271,198000066,2026-01-30 15:48:21,53.40,123.36,32.94
272,121000043,2026-01-30 15:48:21,77.86,105.78,41.18
273,121000059,2026-01-30 15:48:21,40.49,104.68,21.19
274,121000060,2026-01-30 15:48:21,89.04,104.68,46.60
275,542000067,2026-01-30 15:48:22,37.23,105.78,19.69
276,406000066,2026-01-30 15:48:22,96.92,103.27,50.04
277,198000067,2026-01-30 15:48:22,55.28,107.14,29.61
278,121000067,2026-01-30 15:48:22,34.93,122.96,21.47
279,542000068,2026-01-30 15:48:23,76.79,139.67,53.63
280,725000068,2026-01-30 15:48:23,26.84,139.67,18.74
281,198000068,2026-01-30 15:48:23,68.51,99.17,33.97
282,121000068,2026-01-30 15:48:24,53.75,104.01,27.96
283,406000068,2026-01-30 15:48:24,20.86,113.13,11.80
284,725000069,2026-01-30 15:48:24,22.30,107.96,12.04
285,198000069,2026-01-30 15:48:24,33.42,120.65,20.16
286,121000069,2026-01-30 15:48:25,57.05,113.13,32.27
287,542000070,2026-01-30 15:48:25,66.79,113.13,37.78
288,406000069,2026-01-30 15:48:25,48.40,107.96,26.12
289,725000070,2026-01-30 15:48:25,35.20,104.01,18.31
290,542000071,2026-01-30 15:48:26,11.44,113.42,6.49
291,406000070,2026-01-30 15:48:26,18.80,104.17,9.79
292,725000071,2026-01-30 15:48:26,75.49,121.65,45.92
293,121000071,2026-01-30 15:48:27,40.57,100.72,20.43
294,542000072,2026-01-30 15:48:27,44.01,104.74,23.05
295,198000072,2026-01-30 15:48:27,81.16,104.17,42.27
296,406000043,2026-01-30 15:48:28,10.66,110.11,5.87
297,121000072,2026-01-30 15:48:28,24.71,115.05,14.21
298,542000073,2026-01-30 15:48:28,22.81,100.68,11.48
299,406000072,2026-01-30 15:48:28,54.97,105.80,29.08
300,725000073,2026-01-30 15:48:28,82.11,102.14,41.94
301,198000073,2026-01-30 15:48:28,49.54,115.05,28.50
302,121000073,2026-01-30 15:48:28,77.87,121.13,47.16
303,542000074,2026-01-30 15:48:29,75.68,113.19,42.83
304,406000073,2026-01-30 15:48:29,19.28,110.11,10.62
305,725000074,2026-01-30 15:48:29,23.99,106.30,12.75
306,121000074,2026-01-30 15:48:30,92.88,110.36,51.25
307,542000075,2026-01-30 15:48:30,19.89,119.31,11.87
308,725000075,2026-01-30 15:48:30,27.41,100.09,13.72
309,121000075,2026-01-30 15:48:30,24.27,106.31,12.90
310,542000076,2026-01-30 15:48:31,10.36,120.17,6.22
311,406000075,2026-01-30 15:48:31,11.19,110.36,6.17
312,725000047,2026-01-30 15:48:32,56.91,102.55,29.18
313,121000076,2026-01-30 15:48:32,89.45,113.36,50.70
314,542000077,2026-01-30 15:48:32,22.19,118.43,13.14
315,406000076,2026-01-30 15:48:32,26.92,104.61,14.08
316,725000077,2026-01-30 15:48:32,16.13,118.41,9.55
317,121000077,2026-01-30 15:48:33,64.15,101.38,32.52
318,542000078,2026-01-30 15:48:33,63.42,97.46,30.91
319,406000077,2026-01-30 15:48:33,44.50,100.40,22.34
320,725000078,2026-01-30 15:48:33,30.15,104.05,15.69
321,198000078,2026-01-30 15:48:33,46.90,113.36,26.58
322,121000078,2026-01-30 15:48:33,73.20,121.54,44.48
323,542000079,2026-01-30 15:48:34,16.33,103.18,8.42
324,406000078,2026-01-30 15:48:34,15.13,114.26,8.64
325,725000079,2026-01-30 15:48:34,48.19,97.08,23.39
326,121000079,2026-01-30 15:48:35,47.62,102.88,24.50
327,542000080,2026-01-30 15:48:35,51.47,114.26,29.41
328,406000079,2026-01-30 15:48:35,83.26,114.26,47.57
329,198000080,2026-01-30 15:48:35,90.25,115.68,52.20
330,121000080,2026-01-30 15:48:36,50.93,99.96,25.45
331,198000077,2026-01-30 15:48:36,49.68,116.69,28.98
332,542000081,2026-01-30 15:48:36,16.70,102.08,8.53
333,725000081,2026-01-30 15:48:36,60.98,103.46,31.54
334,198000081,2026-01-30 15:48:36,86.98,120.47,52.39
335,121000081,2026-01-30 15:48:37,73.06,103.46,37.79
336,542000082,2026-01-30 15:48:37,54.43,102.17,27.80
337,406000081,2026-01-30 15:48:37,57.20,120.47,34.45
338,725000082,2026-01-30 15:48:37,64.31,142.44,45.80
339,198000082,2026-01-30 15:48:37,76.55,115.51,44.21
340,542000083,2026-01-30 15:48:38,94.55,111.90,52.90
341,406000082,2026-01-30 15:48:38,37.17,101.33,18.83
342,725000083,2026-01-30 15:48:38,41.64,126.15,26.27
343,198000083,2026-01-30 15:48:38,44.86,115.41,25.89
344,121000083,2026-01-30 15:48:38,43.41,100.52,21.82
345,542000084,2026-01-30 15:48:39,87.12,100.52,43.79
346,406000083,2026-01-30 15:48:39,65.61,101.76,33.38
347,725000084,2026-01-30 15:48:39,45.18,104.26,23.55
348,198000084,2026-01-30 15:48:39,72.69,115.41,41.95
349,542000085,2026-01-30 15:48:40,38.09,104.34,19.87
350,406000084,2026-01-30 15:48:40,48.21,101.72,24.52
351,198000085,2026-01-30 15:48:40,83.56,122.33,51.11
352,121000085,2026-01-30 15:48:41,86.61,100.07,43.33
353,542000086,2026-01-30 15:48:41,74.41,104.28,38.80
354,406000085,2026-01-30 15:48:41,59.90,100.07,29.97
355,725000086,2026-01-30 15:48:41,53.73,113.07,30.38
356,198000086,2026-01-30 15:48:41,56.65,118.63,33.60
357,121000082,2026-01-30 15:48:41,48.21,102.11,24.61
358,121000086,2026-01-30 15:48:42,34.47,111.23,19.17
359,542000087,2026-01-30 15:48:42,39.22,99.96,19.61
360,406000086,2026-01-30 15:48:42,11.62,104.91,6.10
361,121000087,2026-01-30 15:48:42,62.91,113.00,35.54
362,406000087,2026-01-30 15:48:43,84.95,115.04,48.86
363,198000088,2026-01-30 15:48:43,19.25,141.41,13.61
364,121000088,2026-01-30 15:48:43,38.48,105.32,20.26
365,542000088,2026-01-30 15:48:43,96.47,126.44,60.98
366,542000089,2026-01-30 15:48:44,44.64,105.32,23.51
367,406000088,2026-01-30 15:48:44,66.32,111.29,36.90
368,725000089,2026-01-30 15:48:44,14.33,121.93,8.74
369,198000089,2026-01-30 15:48:44,34.26,100.35,17.19
370,542000090,2026-01-30 15:48:45,83.21,103.61,43.11
371,406000089,2026-01-30 15:48:45,22.41,121.93,13.66
372,725000090,2026-01-30 15:48:45,46.40,126.44,29.33
373,198000090,2026-01-30 15:48:45,75.43,111.29,41.97
374,121000090,2026-01-30 15:48:46,20.89,122.70,12.82
375,542000091,2026-01-30 15:48:46,21.60,126.39,13.65
376,406000090,2026-01-30 15:48:46,70.27,103.41,36.33
377,725000091,2026-01-30 15:48:46,85.27,112.82,48.10
378,198000091,2026-01-30 15:48:46,99.76,114.02,56.87
379,121000091,2026-01-30 15:48:46,25.80,100.73,12.99
380,542000092,2026-01-30 15:48:47,49.71,114.02,28.34
381,406000091,2026-01-30 15:48:47,51.09,122.70,31.35
382,725000092,2026-01-30 15:48:47,23.93,122.70,14.68
383,198000092,2026-01-30 15:48:47,11.80,112.35,6.63
384,121000092,2026-01-30 15:48:47,73.23,112.46,41.18
385,406000092,2026-01-30 15:48:48,94.73,125.14,59.27
386,725000093,2026-01-30 15:48:48,39.58,100.49,19.89
387,121000093,2026-01-30 15:48:49,62.77,112.42,35.29
388,542000094,2026-01-30 15:48:49,96.38,125.86,60.65
389,406000093,2026-01-30 15:48:49,92.30,125.86,58.09
390,725000094,2026-01-30 15:48:49,92.05,100.86,46.42
391,198000094,2026-01-30 15:48:49,59.59,113.08,33.69
392,725000088,2026-01-30 15:48:50,55.49,105.37,29.23
393,542000095,2026-01-30 15:48:50,55.39,125.50,34.75
394,406000094,2026-01-30 15:48:50,58.42,124.46,36.35
395,725000095,2026-01-30 15:48:50,39.42,111.12,21.90
396,198000095,2026-01-30 15:48:50,70.88,104.64,37.08
397,121000095,2026-01-30 15:48:51,97.65,102.34,49.97
398,406000095,2026-01-30 15:48:51,40.63,112.63,22.88
399,198000096,2026-01-30 15:48:51,24.39,138.80,16.93
400,406000096,2026-01-30 15:48:52,43.01,105.17,22.62
401,198000097,2026-01-30 15:48:52,86.44,111.84,48.34
402,725000087,2026-01-30 15:48:52,77.96,137.93,53.77
403,121000097,2026-01-30 15:48:53,10.81,99.85,5.40
404,542000098,2026-01-30 15:48:53,90.55,113.07,51.19
405,406000097,2026-01-30 15:48:53,82.86,113.26,46.92
406,725000098,2026-01-30 15:48:53,25.06,99.85,12.51
407,198000098,2026-01-30 15:48:53,47.10,99.85,23.52
408,121000098,2026-01-30 15:48:54,60.64,106.56,32.31
409,542000099,2026-01-30 15:48:54,57.61,96.43,27.78
410,406000098,2026-01-30 15:48:54,64.34,109.52,35.23
411,725000099,2026-01-30 15:48:54,66.88,99.21,33.18
412,198000099,2026-01-30 15:48:54,54.67,99.21,27.12
413,121000099,2026-01-30 15:48:54,29.87,138.51,20.69
414,725000100,2026-01-30 15:48:55,80.35,114.92,46.17
415,198000100,2026-01-30 15:48:55,82.34,114.92,47.31
416,406000074,2026-01-30 15:48:56,86.61,104.32,45.17
417,542000101,2026-01-30 15:48:56,92.65,103.36,47.88
418,725000101,2026-01-30 15:48:56,17.84,111.00,9.90
419,198000101,2026-01-30 15:48:56,90.78,104.32,47.35
420,121000101,2026-01-30 15:48:57,65.54,106.31,34.84
421,542000102,2026-01-30 15:48:57,97.65,137.77,67.26
422,406000101,2026-01-30 15:48:57,83.65,111.00,46.42
423,725000102,2026-01-30 15:48:57,94.28,104.32,49.18
424,198000102,2026-01-30 15:48:57,63.75,100.78,32.12
426,121000102,2026-01-30 15:48:57,31.83,99.40,15.82
425,725000096,2026-01-30 15:48:57,19.70,107.71,10.61
427,542000103,2026-01-30 15:48:58,19.51,113.11,11.03
428,406000102,2026-01-30 15:48:58,12.42,107.54,6.68
429,198000103,2026-01-30 15:48:58,90.47,103.87,46.99
430,542000104,2026-01-30 15:48:59,18.85,120.06,11.32
431,406000103,2026-01-30 15:48:59,26.71,127.60,17.04
432,725000104,2026-01-30 15:48:59,22.01,127.60,14.04
433,198000104,2026-01-30 15:48:59,47.53,103.87,24.68
434,121000104,2026-01-30 15:49:00,24.21,127.06,15.38
435,542000105,2026-01-30 15:49:00,18.03,108.95,9.82
436,725000105,2026-01-30 15:49:00,66.33,107.17,35.55
437,198000105,2026-01-30 15:49:00,65.29,97.21,31.73
438,121000105,2026-01-30 15:49:00,84.04,129.57,54.45
439,725000106,2026-01-30 15:49:01,54.77,103.85,28.44
440,198000106,2026-01-30 15:49:01,98.48,103.91,51.16
441,542000107,2026-01-30 15:49:02,62.49,107.10,33.46
442,406000106,2026-01-30 15:49:02,75.20,125.17,47.07
443,725000107,2026-01-30 15:49:02,80.52,102.96,41.45
444,198000107,2026-01-30 15:49:02,88.46,96.94,42.88
445,121000107,2026-01-30 15:49:02,38.08,118.56,22.57
446,542000108,2026-01-30 15:49:03,66.97,99.09,33.18
447,406000107,2026-01-30 15:49:03,63.04,99.43,31.34
448,725000108,2026-01-30 15:49:03,73.89,115.06,42.51
449,198000108,2026-01-30 15:49:03,65.04,115.06,37.42
450,121000096,2026-01-30 15:49:03,15.97,101.02,8.07
451,121000108,2026-01-30 15:49:04,68.29,95.57,32.63
452,542000109,2026-01-30 15:49:04,88.23,109.08,48.12
453,725000109,2026-01-30 15:49:04,41.86,105.79,22.14
454,198000109,2026-01-30 15:49:04,98.97,126.31,62.50
455,542000110,2026-01-30 15:49:05,11.30,119.10,6.73
456,406000109,2026-01-30 15:49:05,56.59,109.08,30.86
457,198000093,2026-01-30 15:49:06,72.96,104.08,37.97
458,542000100,2026-01-30 15:49:06,17.08,104.08,8.89
459,121000110,2026-01-30 15:49:06,65.61,109.65,35.97
460,542000111,2026-01-30 15:49:06,64.10,127.22,40.78
461,406000110,2026-01-30 15:49:06,59.13,109.65,32.42
462,725000111,2026-01-30 15:49:06,63.41,104.55,33.15
463,198000111,2026-01-30 15:49:06,14.28,114.66,8.19
464,542000112,2026-01-30 15:49:07,20.42,127.22,12.99
465,406000111,2026-01-30 15:49:07,74.83,104.08,38.94
466,725000112,2026-01-30 15:49:07,42.32,114.66,24.26
467,121000089,2026-01-30 15:49:07,94.60,117.35,55.51
468,121000111,2026-01-30 15:49:07,31.62,125.28,19.81
469,121000112,2026-01-30 15:49:08,41.79,102.90,21.50
470,542000113,2026-01-30 15:49:08,38.45,115.34,22.17
471,406000112,2026-01-30 15:49:08,51.34,99.92,25.65
472,198000113,2026-01-30 15:49:08,84.55,96.64,40.85
473,542000114,2026-01-30 15:49:09,58.73,111.80,32.83
474,406000113,2026-01-30 15:49:09,29.62,129.97,19.25
475,725000114,2026-01-30 15:49:09,54.70,96.64,26.43
476,542000097,2026-01-30 15:49:10,32.64,102.25,16.68
477,542000115,2026-01-30 15:49:10,69.07,113.41,39.17
478,406000114,2026-01-30 15:49:10,59.11,117.02,34.59
479,198000115,2026-01-30 15:49:10,93.66,117.02,54.80
480,121000115,2026-01-30 15:49:10,48.39,102.97,24.92
481,542000116,2026-01-30 15:49:11,20.77,114.33,11.87
482,725000116,2026-01-30 15:49:11,19.11,118.74,11.35
483,198000116,2026-01-30 15:49:11,22.07,114.33,12.62
484,121000114,2026-01-30 15:49:11,40.67,127.87,26.00
485,121000116,2026-01-30 15:49:12,53.16,109.60,29.13
486,542000117,2026-01-30 15:49:12,60.00,103.59,31.08
487,725000117,2026-01-30 15:49:12,72.25,109.60,39.59
488,198000117,2026-01-30 15:49:12,85.00,114.58,48.69
489,121000117,2026-01-30 15:49:12,55.23,106.02,29.28
490,542000118,2026-01-30 15:49:13,20.73,106.02,10.99
491,725000118,2026-01-30 15:49:13,97.80,106.02,51.84
492,198000118,2026-01-30 15:49:13,96.43,116.04,55.95
493,121000118,2026-01-30 15:49:13,38.11,101.94,19.42
494,542000119,2026-01-30 15:49:14,90.36,116.12,52.46
495,406000118,2026-01-30 15:49:14,86.92,104.98,45.62
496,725000119,2026-01-30 15:49:14,27.69,101.94,14.11
497,198000119,2026-01-30 15:49:14,92.16,105.27,48.51
498,121000119,2026-01-30 15:49:14,67.77,101.94,34.54
499,542000120,2026-01-30 15:49:15,57.72,108.98,31.45
500,406000119,2026-01-30 15:49:15,21.49,105.27,11.31
501,725000120,2026-01-30 15:49:15,69.43,116.12,40.31
502,198000120,2026-01-30 15:49:15,95.36,116.92,55.74
503,542000121,2026-01-30 15:49:16,43.31,105.24,22.79
504,406000120,2026-01-30 15:49:16,91.90,123.06,56.55
505,198000121,2026-01-30 15:49:16,67.66,116.07,39.27
506,542000122,2026-01-30 15:49:17,35.89,116.46,20.90
507,406000121,2026-01-30 15:49:17,36.05,102.99,18.57
508,198000122,2026-01-30 15:49:17,65.58,103.73,34.01
509,725000103,2026-01-30 15:49:17,55.86,106.50,29.75
510,406000122,2026-01-30 15:49:18,68.29,114.81,39.20
511,198000123,2026-01-30 15:49:18,54.84,104.66,28.70
512,121000123,2026-01-30 15:49:18,98.26,106.50,52.32
513,542000124,2026-01-30 15:49:19,61.02,114.81,35.03
514,406000123,2026-01-30 15:49:19,29.03,116.29,16.88
515,725000124,2026-01-30 15:49:19,23.95,104.66,12.53
516,198000124,2026-01-30 15:49:19,70.75,113.84,40.27
517,121000124,2026-01-30 15:49:20,17.52,115.07,10.08
518,542000125,2026-01-30 15:49:20,78.38,114.59,44.91
519,406000124,2026-01-30 15:49:20,57.83,105.74,30.58
520,725000125,2026-01-30 15:49:20,56.99,94.45,26.91
521,198000125,2026-01-30 15:49:20,40.85,105.74,21.60
522,121000125,2026-01-30 15:49:21,69.66,105.69,36.81
523,542000126,2026-01-30 15:49:21,57.71,118.28,34.13
524,406000125,2026-01-30 15:49:21,67.94,118.28,40.18
525,725000126,2026-01-30 15:49:21,49.58,115.21,28.56
526,198000126,2026-01-30 15:49:21,97.43,94.45,46.01
527,406000116,2026-01-30 15:49:21,23.43,92.87,10.88
529,121000126,2026-01-30 15:49:21,52.11,107.98,28.13
528,542000123,2026-01-30 15:49:21,65.27,138.75,45.28
530,542000127,2026-01-30 15:49:22,11.55,124.82,7.21
531,406000126,2026-01-30 15:49:22,73.88,106.60,39.38
532,198000127,2026-01-30 15:49:22,31.11,114.89,17.87
533,121000127,2026-01-30 15:49:23,85.21,107.98,46.00
534,542000128,2026-01-30 15:49:23,23.67,100.47,11.89
535,406000127,2026-01-30 15:49:23,10.15,107.98,5.48
536,198000110,2026-01-30 15:49:24,42.53,125.18,26.62
537,121000128,2026-01-30 15:49:24,49.03,115.23,28.25
538,725000129,2026-01-30 15:49:24,64.17,114.65,36.78
539,198000129,2026-01-30 15:49:24,98.03,101.57,49.78
540,121000129,2026-01-30 15:49:24,85.46,92.52,39.54
541,406000129,2026-01-30 15:49:25,20.91,106.69,11.16
542,121000130,2026-01-30 15:49:25,12.18,103.77,6.32
543,542000131,2026-01-30 15:49:26,68.65,114.65,39.35
544,406000130,2026-01-30 15:49:26,18.99,93.50,8.88
545,725000131,2026-01-30 15:49:26,46.53,100.92,23.48
546,198000131,2026-01-30 15:49:26,89.47,115.01,51.45
547,121000131,2026-01-30 15:49:26,41.14,139.76,28.75
548,542000132,2026-01-30 15:49:27,21.32,114.34,12.19
549,406000131,2026-01-30 15:49:27,60.56,115.01,34.82
550,725000132,2026-01-30 15:49:27,70.38,108.27,38.10
551,198000132,2026-01-30 15:49:27,89.69,116.70,52.34
552,121000132,2026-01-30 15:49:27,22.62,93.98,10.63
553,542000133,2026-01-30 15:49:28,57.51,105.30,30.28
554,406000132,2026-01-30 15:49:28,46.78,139.67,32.67
555,725000133,2026-01-30 15:49:28,52.43,105.30,27.60
556,198000133,2026-01-30 15:49:28,54.53,114.46,31.21
557,121000133,2026-01-30 15:49:28,67.40,125.77,42.38
558,406000133,2026-01-30 15:49:29,28.70,114.47,16.43
559,725000134,2026-01-30 15:49:29,46.47,125.77,29.22
560,198000134,2026-01-30 15:49:29,75.73,93.98,35.59
561,121000134,2026-01-30 15:49:30,53.83,100.96,27.17
562,542000135,2026-01-30 15:49:30,18.84,126.40,11.91
563,406000134,2026-01-30 15:49:30,47.07,139.28,32.78
564,725000135,2026-01-30 15:49:30,33.69,114.21,19.24
565,198000135,2026-01-30 15:49:30,37.41,108.88,20.36
566,121000135,2026-01-30 15:49:30,83.59,126.40,52.83
567,725000136,2026-01-30 15:49:31,43.26,115.67,25.02
568,542000137,2026-01-30 15:49:32,69.52,104.11,36.19
569,406000136,2026-01-30 15:49:32,71.59,138.13,49.44
570,725000137,2026-01-30 15:49:32,93.21,114.35,53.29
571,198000137,2026-01-30 15:49:32,71.76,138.13,49.56
572,121000137,2026-01-30 15:49:33,53.71,114.35,30.71
573,542000138,2026-01-30 15:49:33,28.19,115.51,16.28
574,406000137,2026-01-30 15:49:33,35.36,104.11,18.41
575,725000138,2026-01-30 15:49:33,55.33,113.72,31.46
576,198000138,2026-01-30 15:49:33,22.85,104.11,11.89
577,406000117,2026-01-30 15:49:34,93.49,102.05,47.70
578,121000138,2026-01-30 15:49:34,52.22,92.48,24.15
579,542000139,2026-01-30 15:49:34,43.58,107.49,23.42
580,406000138,2026-01-30 15:49:34,22.06,102.05,11.26
581,198000139,2026-01-30 15:49:34,61.28,111.31,34.11
582,121000139,2026-01-30 15:49:35,65.47,107.99,35.35
583,542000140,2026-01-30 15:49:35,48.75,122.39,29.83
584,406000139,2026-01-30 15:49:35,60.64,102.31,31.02
585,121000140,2026-01-30 15:49:35,96.60,116.01,56.03
586,542000141,2026-01-30 15:49:36,82.98,102.25,42.42
587,406000140,2026-01-30 15:49:36,73.28,102.25,37.47
588,725000141,2026-01-30 15:49:36,96.85,108.09,52.34
589,198000141,2026-01-30 15:49:36,64.04,102.38,32.78
590,121000141,2026-01-30 15:49:36,68.26,116.35,39.71
591,542000142,2026-01-30 15:49:37,59.12,101.30,29.94
592,406000141,2026-01-30 15:49:37,66.25,111.01,36.77
593,725000142,2026-01-30 15:49:37,90.32,108.09,48.81
594,198000142,2026-01-30 15:49:37,89.10,137.32,61.18
595,542000130,2026-01-30 15:49:37,10.32,112.56,5.81
596,542000143,2026-01-30 15:49:38,59.71,115.49,34.48
597,406000142,2026-01-30 15:49:38,64.40,101.09,32.55
598,725000143,2026-01-30 15:49:38,78.91,112.56,44.41
599,198000143,2026-01-30 15:49:38,81.23,92.89,37.73
600,121000143,2026-01-30 15:49:39,13.00,137.29,8.93
601,542000144,2026-01-30 15:49:39,86.64,125.69,54.45
602,725000144,2026-01-30 15:49:39,29.93,112.08,16.77
603,198000144,2026-01-30 15:49:39,32.40,107.62,17.43
604,121000144,2026-01-30 15:49:40,90.61,99.17,44.93
605,542000145,2026-01-30 15:49:40,57.13,115.16,32.89
606,406000144,2026-01-30 15:49:40,30.14,103.38,15.58
607,725000145,2026-01-30 15:49:40,81.30,126.32,51.35
608,198000145,2026-01-30 15:49:40,92.89,115.16,53.48
609,121000145,2026-01-30 15:49:41,79.05,137.87,54.49
610,542000146,2026-01-30 15:49:41,10.10,102.43,5.17
611,406000145,2026-01-30 15:49:41,46.44,121.22,28.15
612,725000146,2026-01-30 15:49:41,70.49,103.16,36.36
613,198000146,2026-01-30 15:49:41,67.89,102.43,34.77
614,121000146,2026-01-30 15:49:42,69.75,105.08,36.65
615,542000147,2026-01-30 15:49:42,20.86,112.29,11.71
616,406000146,2026-01-30 15:49:42,16.01,112.74,9.02
617,725000147,2026-01-30 15:49:42,32.00,112.29,17.97
618,198000147,2026-01-30 15:49:42,26.17,112.79,14.76
619,121000147,2026-01-30 15:49:43,66.17,121.00,40.03
620,542000148,2026-01-30 15:49:43,28.79,112.29,16.16
621,406000147,2026-01-30 15:49:43,55.87,111.89,31.26
622,725000148,2026-01-30 15:49:43,48.05,116.65,28.02
623,198000148,2026-01-30 15:49:43,84.05,112.74,47.38
624,121000148,2026-01-30 15:49:44,81.35,101.83,41.42
625,542000149,2026-01-30 15:49:44,42.11,129.17,27.20
626,406000148,2026-01-30 15:49:44,44.15,92.79,20.48
627,725000149,2026-01-30 15:49:44,16.45,122.32,10.06
628,198000149,2026-01-30 15:49:44,83.89,137.03,57.48
629,121000149,2026-01-30 15:49:45,21.83,129.17,14.10
630,198000150,2026-01-30 15:49:45,24.68,122.32,15.10
631,725000121,2026-01-30 15:49:46,50.35,110.75,27.88
632,121000150,2026-01-30 15:49:46,94.66,110.20,52.16
633,542000151,2026-01-30 15:49:46,58.78,105.78,31.09
634,406000150,2026-01-30 15:49:46,38.87,117.66,22.86
635,725000151,2026-01-30 15:49:46,48.66,112.82,27.45
636,198000151,2026-01-30 15:49:46,83.77,122.30,51.23
637,121000151,2026-01-30 15:49:47,56.71,127.30,36.09
638,725000152,2026-01-30 15:49:47,24.72,100.42,12.41
639,198000152,2026-01-30 15:49:47,23.24,110.75,12.87
640,406000149,2026-01-30 15:49:47,21.75,125.50,13.65
641,542000153,2026-01-30 15:49:48,32.20,110.47,17.79
642,725000153,2026-01-30 15:49:48,99.16,113.41,56.23
643,198000153,2026-01-30 15:49:48,81.13,94.40,38.30
644,121000153,2026-01-30 15:49:49,23.75,111.15,13.20
645,542000154,2026-01-30 15:49:49,47.90,113.41,27.16
646,406000153,2026-01-30 15:49:49,17.31,104.85,9.07
647,725000154,2026-01-30 15:49:49,55.70,111.15,30.96
648,198000154,2026-01-30 15:49:49,17.84,99.91,8.91
649,198000140,2026-01-30 15:49:50,77.53,124.69,48.34
650,121000154,2026-01-30 15:49:50,77.92,122.00,47.53
651,542000155,2026-01-30 15:49:50,59.80,103.54,30.96
652,725000155,2026-01-30 15:49:50,92.99,101.46,47.17
653,198000155,2026-01-30 15:49:50,70.53,136.62,48.18
654,121000155,2026-01-30 15:49:50,28.64,111.57,15.98
655,542000156,2026-01-30 15:49:51,22.79,97.16,11.07
656,406000155,2026-01-30 15:49:51,86.89,122.00,53.00
657,725000156,2026-01-30 15:49:51,84.97,103.54,43.99
658,198000156,2026-01-30 15:49:51,73.91,113.32,41.88
659,725000140,2026-01-30 15:49:52,87.66,99.27,43.51
660,121000156,2026-01-30 15:49:52,41.78,105.55,22.05
661,725000157,2026-01-30 15:49:52,63.92,108.04,34.53
662,198000157,2026-01-30 15:49:52,94.09,111.54,52.47
